0 0 -6 0 2 272 4 134 3 247
1 83 0 1 0 105 4 10 2 93 5 23 1 99
2 0 6 0 2 88 4 72 0 79
3 0 4 0 0 80 5 26 0 66 5 32 3 21 5 27
4 82 0 2 3 163 5 49 1 44 4 25 0 21
5 0 19 0 2 52 5 177
6 0 -5 0 3 300 5 20 3 4 5 149 0 127
7 89 0 2 3 58 5 72 3 23 5 72 2 152
8 0 2 0 2 20 5 39 2 64 4 61
9 0 1 0 0 53 4 54 1 88 4 18 2 69 5 74
10 0 6 0 0 35 5 23 1 64
11 0 5 0 0 93 5 65 2 18 5 12 2 97
12 84 0 1 0 43 4 72 2 69 5 73 0 198
13 0 5 0 3 41 5 32 0 44 5 37
14 0 4 0 1 28 4 6 1 91 4 66 3 74 5 13
15 0 5 0 2 35 5 68 3 78
16 81 0 2 1 183 5 46 3 106 5 51 1 64
17 98 0 2 2 53 4 64 3 114
18 83 0 2 0 174 5 27 2 200
19 95 0 2 2 115 4 75 3 22 4 73 1 78
20 0 -2 0 3 300 5 30 3 84 4 90 0 256
21 0 1 0 0 12 5 62 3 63 4 44 3 32 4 28
22 0 -8 0 2 118
23 0 -1 0 3 172 4 57 1 102 4 128 3 300 4 28 3 72
24 0 -15 0 3 149 5 24 2 238
25 0 1 0 2 21 5 21 0 93 4 34
26 86 0 2 0 50 4 74 0 127 5 61 1 25
27 0 -18 0 1 239 4 132 2 224 4 111 1 257
28 0 9 0 2 28 5 52 2 64 4 52 3 88 4 24
29 0 -13 0 3 284 5 46 0 278 4 68 2 224
30 0 3 0 0 57 4 42 0 69 4 33
31 0 -17 0 3 237
32 88 0 2 3 38
33 0 -9 0 2 300 4 15 2 100 4 59 1 295 5 25 2 246
34 0 19 0 3 109 5 51 0 97
35 0 2 0 1 63 5 8 3 89 5 57 3 17 5 58
36 0 -8 0 1 282 4 145 1 282 5 130 2 142
37 0 1 0 1 85 5 36 3 66
38 96 0 1 1 200
39 0 1 0 1 72 5 55 1 54
40 0 7 0 0 36 4 73 2 66 4 36
41 0 -11 0 2 258 4 142 1 300 5 14 1 12 5 23 3 268
42 0 -6 0 3 297 5 94 0 126
43 0 2 0 0 35 5 19 1 61 5 40 3 18 5 34
44 0 1 0 2 95 5 56 1 36 5 46
45 0 3 0 2 77 5 10 0 67
46 93 0 1 2 133 5 50 2 43 4 74 0 165
47 0 0 0 0 231 5 43 1 219 5 55 1 194
48 0 3 0 3 43 4 70 3 79 4 37
49 0 -13 0 0 227 4 71 2 117 4 129 2 143
50 0 8 0 3 27 4 50 1 61
51 0 -8 0 0 300 5 11 0 34 5 92 2 156
52 0 -17 0 3 295 4 53 1 226
53 0 1 0 2 41 4 75 3 87 4 38 3 45 4 27
54 0 -18 0 1 147 4 75 1 189
55 0 -11 0 3 108 4 116 1 300 5 25 1 20 5 69 0 235
56 0 0 0 1 262 5 43 3 300 4 23 3 72 5 130 0 126
57 0 4 0 3 36 5 18 0 49 4 68
58 82 0 2 2 66
59 0 15 0 0 74
60 0 16 0 1 143
61 96 0 2 3 22
62 0 7 0 1 28 4 5 3 88 4 50 1 84 5 46
63 0 8 0 3 35 4 28 2 21 4 30
64 0 15 0 2 157 4 76 1 107
65 0 -12 0 1 231 5 133 3 300 4 13 3 18
66 0 -10 0 0 209
67 0 19 0 2 185 5 180
68 0 3 0 0 47 4 43 3 30 4 72 1 85
69 96 0 1 3 43 4 22 1 38
70 0 -17 0 0 300 4 11 0 75 5 87 1 178
71 0 8 0 2 54 5 56 2 100 5 36 1 72
72 0 -10 0 1 300 4 22 1 75 5 108 0 279
73 0 3 0 3 40 4 69 2 16 5 49 2 78 5 28
74 81 0 2 2 50
75 0 -4 0 0 204
76 0 -1 0 3 121 5 115 3 269
77 0 -3 0 2 245
78 0 -18 0 1 121 5 102 3 287
79 92 0 1 3 32 5 63 2 112 4 69 0 150
80 0 -17 0 3 282 4 131 1 300 4 11 1 45 4 79 2 285
81 0 9 0 3 27 4 8 3 41 5 73 1 68
82 95 0 1 3 101 5 60 1 148
83 0 -9 0 3 139
84 80 0 2 3 196 4 13 1 70 4 55 0 127
85 81 0 1 1 91
86 0 -16 0 3 290
87 97 0 1 3 193
88 0 4 0 1 58 5 42 2 38 4 52 1 52
89 0 17 0 1 83 5 93
90 0 -17 0 3 263
91 0 -15 0 1 125
92 89 0 1 0 73 4 61 1 105
93 0 1 0 2 30 5 11 1 30 5 58 1 27 4 5
94 0 4 0 2 94 5 57 3 20 4 51
95 0 -18 0 3 248 5 108 3 296
96 82 0 2 1 139 5 34 0 25
97 0 -17 0 3 300 4 17 3 44 4 44 3 300 4 10 3 49 4 29 2 259
98 86 0 2 1 80
99 0 4 0 1 25 4 32 1 80 5 49 2 18 5 32
100 87 0 2 0 102 4 29 3 177 5 21 1 64
101 92 0 1 0 30 4 50 1 85
102 0 6 0 0 54 4 71 3 36
103 0 -10 0 1 300 5 13 1 46 4 44 3 281
104 0 -20 0 0 257 4 105 1 300 4 18 1 85 5 53 2 300 5 29 2 43
105 91 0 2 1 49
106 0 -5 0 0 128 4 122 2 111
107 88 0 1 1 63
108 96 0 2 2 82
109 0 1 0 1 39 4 73 0 77 5 56
110 99 0 1 1 61
111 95 0 1 3 149 4 13 2 147 5 30 0 47
112 93 0 2 3 176
113 0 18 0 3 65 5 53 2 72
114 0 -6 0 0 300 5 13 0 46
115 0 -16 0 2 175 4 25 1 291
116 0 13 0 0 82
117 0 -17 0 2 300 4 64 1 300 4 25 1 63 4 81 3 300 4 29 3 54
118 0 -6 0 1 178 4 143 1 245 4 133 3 262
119 0 -8 0 2 160
120 0 -2 0 0 243 4 63 2 300 4 10 2 95 5 125 0 300 4 17 0 14
121 0 10 0 2 55
122 0 2 0 3 64 4 60 1 47
123 0 -10 0 3 154
124 0 18 0 2 170 5 76 1 77
125 0 -12 0 2 300 5 26 2 42
126 91 0 1 1 101 4 61 0 59
127 0 0 0 2 60 4 70 3 31 5 21
128 0 -11 0 1 300 4 14 1 30 5 106 1 212 5 138 0 209
129 89 0 1 0 179 4 65 1 177
130 0 -16 0 0 254
131 80 0 1 0 200
132 0 17 0 2 129
133 0 6 0 0 19 5 23 1 97 4 7 2 30 5 30
134 85 0 1 2 172 4 22 0 180
135 0 5 0 1 75 5 50 0 60 4 40 0 80
136 0 -8 0 0 251 5 148 2 225
137 0 7 0 0 86 4 28 1 34 5 41
138 0 -11 0 0 175
139 0 -3 0 2 175 4 106 0 300 4 21 0 59
140 0 -14 0 2 300 5 20 2 66
141 0 6 0 2 98 4 46 0 32 4 69
142 0 -20 0 3 172
143 0 -20 0 0 165 4 101 0 300 5 11 0 99 4 123 2 280
144 0 10 0 1 47 4 33 2 81 4 54 1 90
145 0 -12 0 1 300 4 24 1 44
146 0 6 0 3 53 5 58 2 82 5 14 0 30
147 0 12 0 1 165 4 195 1 101
148 0 -12 0 2 262 5 20 1 168
149 87 0 1 0 147
150 99 0 2 0 129 4 43 1 22 5 34 0 56
151 0 10 0 1 89 5 131
152 0 1 0 2 100 5 42 1 62 4 62
153 0 -20 0 0 171 4 76 3 131
154 82 0 2 0 69 5 21 3 139
155 0 11 0 1 143 5 76
156 0 -12 0 2 119 4 104 1 134 5 79 3 166
157 0 2 0 1 63 5 35 3 44 5 50 1 53 5 39
158 0 -4 0 3 300 4 21 3 66 5 24 1 275 4 21 3 290
159 0 -14 0 2 300 5 16 2 87 5 31 0 300 5 16 0 37
160 0 3 0 0 67 5 9 2 90 5 60 0 91 5 16
161 0 -15 0 1 300 5 10 1 3
162 89 0 1 1 104 4 16 2 190 5 37 1 49
163 0 3 0 1 25 5 56 0 29 4 5
164 0 -4 0 2 254 4 129 2 157 5 55 2 277
165 0 -19 0 3 216 4 20 3 300 4 18 3 57 5 83 1 246
166 0 7 0 2 15 4 62 3 58
167 86 0 2 0 192 4 27 0 117
168 0 -3 0 3 300 4 26 3 14
169 0 7 0 1 63 5 28 1 99 5 58
170 0 0 0 1 37 4 49 0 94
171 0 -18 0 1 300 4 17 1 88
172 0 0 0 2 246
173 0 -14 0 1 111 5 49 3 181 5 132 0 258
174 95 0 1 1 158 4 57 3 57
175 0 8 0 2 59 5 13 0 46 4 22 0 27
176 0 6 0 2 16 4 66 0 83
177 93 0 1 1 93 5 15 2 36 5 61 0 137
178 0 7 0 2 78 5 65 2 89 5 23 1 16
179 95 0 2 0 159
180 0 14 0 1 112
181 0 0 0 2 136
182 81 0 2 1 185 4 30 1 78 5 29 1 20
183 97 0 1 1 24
184 0 10 0 1 30 5 23 3 37 4 9 0 59
185 0 -1 0 1 300 4 25 1 83 5 56 2 226 4 49 1 157
186 0 10 0 0 62 5 58 0 51
187 0 -3 0 2 300 5 21 2 47 4 54 3 300 4 30 3 10
188 0 -3 0 1 278 5 60 3 300 5 20 3 17
189 0 -19 0 3 293 4 139 0 235 5 50 0 283
190 0 10 0 2 91 5 73 3 67 4 57 3 96
191 0 19 0 3 69
192 81 0 1 3 60 5 62 0 151 4 52 3 136
193 0 4 0 1 92 4 53 1 40
194 0 -15 0 2 300 5 23 2 75 5 79 2 144
195 0 -16 0 0 233
196 0 -15 0 1 183 4 103 0 124 5 76 3 192
197 0 -15 0 1 296 5 70 1 271 4 88 1 172
198 0 -19 0 1 110 4 145 3 238 5 131 1 300 5 12 1 28
199 89 0 1 2 100 4 12 3 35 5 64 1 69
200 0 6 0 1 74 5 51 1 29 5 48
201 0 12 0 2 103 4 125 2 58
202 0 3 0 2 52 5 75 0 74 5 38 2 96 4 7
203 96 0 1 3 49
204 0 6 0 3 22 4 46 1 58 5 57
205 0 4 0 0 66 5 33 1 57 4 46 3 76 4 44
206 0 -19 0 3 204 5 74 2 170 4 65 3 300 4 24 3 95
207 0 -19 0 1 254 5 126 3 300 4 14 3 38
208 0 0 0 0 12 5 26 3 20 5 30 1 66
209 85 0 2 3 47 5 15 1 106
210 0 17 0 1 168 5 144 2 104
211 0 -15 0 0 291 5 54 3 244
212 99 0 2 3 25 5 66 3 159 5 36 2 157
213 0 8 0 0 58 4 52 1 37 4 54 1 30
214 0 -17 0 3 120 5 106 3 170
215 0 3 0 3 35 4 25 1 35 4 46 3 67 4 44
216 0 -16 0 2 110
217 0 7 0 3 81 5 66 0 53 4 60 0 71
218 0 3 0 0 66 4 57 1 39 5 9 1 51 5 42
219 89 0 2 2 50 5 36 3 25
220 0 -5 0 3 186 5 45 0 300 5 28 0 40 5 115 2 300 5 21 2 4
221 95 0 1 1 45 4 14 0 25 4 28 1 102
222 0 10 0 0 56 5 176 0 91
223 93 0 1 2 141 4 48 3 135 4 62 0 29
224 90 0 1 2 22 4 63 0 96
225 90 0 1 0 104 5 48 0 148
226 0 -11 0 1 232
227 0 -2 0 3 261
228 0 4 0 1 82 4 61 1 46 4 71
229 0 11 0 1 181
230 0 -14 0 1 300 4 18 1 65 4 103 1 300 4 20 1 24 5 112 1 300 4 23 1 46
231 0 1 0 1 44 5 44 0 81 5 52 0 15
232 0 -4 0 0 300 4 18 0 36 5 146 0 106
233 0 3 0 1 42 5 75 3 34 5 32 0 87 4 37
234 0 -13 0 1 300 4 20 1 28
235 0 3 0 2 70 4 25 0 88
236 0 -10 0 3 157 5 123 2 212 4 20 3 180
237 0 -9 0 2 246 4 132 3 292
238 81 0 1 2 70
239 0 1 0 0 35 5 7 0 96 4 24
240 0 2 0 3 61 5 66 2 20
241 0 -13 0 2 100 4 82 0 300 5 26 0 46 4 141 1 300 5 21 1 93
242 0 9 0 3 37 5 43 1 81 4 5
243 0 5 0 0 22 4 58 1 10
244 0 -2 0 2 222
245 0 6 0 0 31 4 8 0 10 4 35 3 39 4 47
246 95 0 2 0 56 5 31 3 40
247 83 0 1 2 88
248 0 -11 0 2 300 4 14 2 6 5 20 3 207 4 118 3 176
249 0 10 0 0 133 5 150 2 100
250 0 16 0 3 130
251 0 8 0 0 51 5 21 0 15 5 20 0 57
252 96 0 1 3 156 5 43 0 164 5 22 3 174
253 0 -5 0 1 300 4 25 1 9 4 134 1 121
254 0 0 0 3 92 4 37 3 31 4 53
255 0 -2 0 3 168 5 60 2 112 4 21 3 184
256 0 6 0 3 17 5 75 1 72 5 57 0 72 5 48
257 0 10 0 1 90 4 72 2 60
258 0 10 0 0 10 5 16 0 44
259 88 0 2 0 170 4 11 2 104
260 0 4 0 0 64 4 53 3 95 5 49
261 0 -2 0 3 169
262 0 -3 0 1 101 5 82 0 300 5 26 0 55
263 0 -2 0 1 300 5 12 1 30 4 63 3 247 5 30 1 165
264 89 0 2 0 73
265 0 -13 0 0 300 5 20 0 77 4 34 2 274 4 66 2 173
266 0 -5 0 0 162
267 0 -9 0 2 297
268 0 -4 0 3 115 5 150 0 132 5 56 2 245
269 0 -7 0 1 105
270 0 13 0 2 153
271 0 -4 0 0 272 5 142 3 300 5 12 3 50 5 109 0 123
272 0 -18 0 2 164
273 0 -10 0 0 300 4 16 0 72 5 36 2 191
274 0 -20 0 0 300 5 25 0 67 5 30 3 187
275 0 -15 0 2 146 4 133 1 110 5 111 1 300 5 15 1 57
276 0 -1 0 2 300 4 12 2 76 5 109 2 300 5 21 2 87 4 77 3 250
277 0 4 0 2 28 4 18 0 54 4 12 2 40
278 0 11 0 3 187 5 86 0 51
279 0 3 0 1 84 5 70 0 98
280 0 1 0 0 95 4 65 3 50 5 60 2 85
281 0 -15 0 0 140
282 0 6 0 0 95 5 37 2 62
283 0 -13 0 0 142 4 107 3 235 5 147 1 288
284 0 -10 0 2 282
285 0 9 0 0 78 5 68 3 42 4 7 0 23
286 0 -11 0 0 300 4 13 0 93 4 59 3 167
287 85 0 2 0 30 5 28 0 66 4 57 0 38
288 83 0 1 2 125 4 61 2 59 5 16 1 67
289 0 16 0 3 188 5 78
290 0 -5 0 1 300 5 26 1 95
291 0 10 0 2 75 4 42 1 98 5 23
292 92 0 1 3 188 5 28 3 172 5 27 2 165
293 0 10 0 0 28 5 57 0 52 4 14 3 99 5 53
294 80 0 1 2 137
295 87 0 1 3 74 5 48 1 171 5 58 1 166
296 0 3 0 3 18 4 22 2 19 4 30 3 49 4 16
297 0 7 0 0 35 5 68 3 28 5 70
298 0 1 0 2 63 4 18 3 77 4 74 0 44 4 68
299 90 0 1 2 30 4 55 2 170
300 0 -16 0 3 300 5 10 3 7
301 0 -14 0 0 211 4 56 3 118
302 0 -20 0 0 300 5 21 0 29
303 0 -7 0 3 143
304 0 7 0 1 20 5 53 1 80 5 10 3 38 4 35
305 88 0 2 3 38 5 33 3 130 5 74 0 101
306 0 0 0 0 300 5 26 0 56
307 0 9 0 3 98 5 46 1 16 5 17 1 22
308 0 9 0 0 21 5 67 3 26
309 0 -4 0 3 220 4 30 1 300 4 24 1 44
310 0 6 0 1 44 4 13 2 81 5 67 2 95
311 87 0 2 3 141 4 69 2 83 4 37 1 32
312 0 9 0 3 15 5 58 0 24 5 38 1 60 4 49
313 0 6 0 1 32 5 31 0 57 4 44
314 0 6 0 0 92 4 62 2 61 4 18 0 53 4 42
315 0 -18 0 1 221 5 120 2 108 5 78 2 106
316 0 -2 0 1 164
317 95 0 1 1 154 4 74 0 170 4 30 3 68
318 83 0 2 0 118
319 0 4 0 3 21 4 45 1 82 5 21 3 71
320 0 15 0 1 93 5 180 2 102
321 0 -9 0 2 300 5 14 2 57 5 120 0 204
322 0 -14 0 2 237 4 112 2 251 5 88 3 213
323 0 -12 0 3 300 5 30 3 88
324 0 10 0 0 33 4 24 2 11 5 38 3 49 4 51
325 0 -19 0 0 300 5 27 0 53
326 0 -19 0 2 110
327 0 -17 0 1 156 4 108 1 276
328 0 9 0 0 36 5 25 1 56 5 54
329 92 0 1 1 95 4 51 2 109
330 0 -1 0 3 226 5 33 1 300 5 16 1 100 4 79 3 172
331 0 -20 0 3 186 4 47 1 156 4 138 1 300 5 20 1 17
332 0 16 0 3 130 5 150
333 0 -18 0 0 129
334 0 10 0 2 100 5 17 0 51 5 31 1 96 5 20
335 93 0 1 0 58 4 15 2 143
336 0 -16 0 1 300 5 19 1 12 4 83 0 193
337 0 0 0 1 97 4 7 0 56 4 7
338 94 0 2 3 43
339 0 7 0 2 55 4 73 1 12 5 48 1 19
340 0 -6 0 0 165 5 115 0 300 4 23 0 58 4 116 2 190
341 0 5 0 0 46 4 60 1 96 4 52 3 21
342 0 14 0 0 103
343 0 9 0 2 90 5 12 2 83 4 8 0 62
344 81 0 2 1 21 5 32 2 120
345 0 -4 0 1 203 4 45 3 300 5 16 3 35 5 138 3 300 4 11 3 12
346 0 17 0 3 59
347 0 0 0 2 198 5 69 0 300 5 22 0 60
348 85 0 2 0 45
349 0 -14 0 1 300 4 25 1 71 4 109 0 300 4 24 0 86 4 122 2 143
350 0 6 0 0 87 4 33 1 35 5 42
351 0 9 0 1 61 4 44 1 18 5 32 0 17
352 83 0 1 1 129 4 30 0 193
353 0 -11 0 3 300 5 27 3 11 4 66 3 232 4 52 2 206
354 0 0 0 0 76 4 22 2 69 5 7 0 22 4 49
355 87 0 1 0 150 5 54 1 65 4 42 2 70
356 0 3 0 2 87 4 64 2 10 5 10
357 0 4 0 1 100 4 52 1 45 4 58 1 10
358 0 1 0 0 54 4 69 0 10 5 20
359 0 17 0 2 198 4 81 2 123
360 0 7 0 3 20 5 48 1 85 5 43
361 0 -3 0 1 104 4 83 3 242
362 0 -9 0 0 161 4 60 2 300 4 15 2 84
363 0 4 0 0 15 4 42 3 94
364 0 -3 0 2 300 5 14 2 39 5 26 2 300 4 25 2 49
365 0 15 0 1 100
366 0 -13 0 3 211 5 57 1 300 4 25 1 41
367 0 9 0 2 37 4 69 2 71 5 31
368 0 2 0 0 67 4 48 2 86 4 71 3 85
369 0 16 0 1 96
370 0 18 0 2 78
371 0 10 0 3 51 4 86
372 0 -8 0 3 158 4 91 0 114
373 84 0 2 3 119
374 0 -4 0 2 183 5 51 1 300 4 28 1 5
375 0 19 0 0 74 4 99
376 0 5 0 1 88 5 40 2 94 4 36 0 73
377 83 0 2 1 190 4 11 0 83 5 30 3 161
378 0 0 0 3 15 4 74 3 29 5 56
379 98 0 2 2 158
380 0 2 0 0 50 4 6 2 19 4 46 3 18
381 0 7 0 0 89 4 19 3 62 4 27 3 70 4 52
382 86 0 1 2 76 5 30 3 148
383 0 11 0 0 124 5 186
384 0 -7 0 0 300 4 28 0 18
385 0 -14 0 0 136 4 20 3 205 5 139 3 132
386 0 -1 0 3 129 5 132 0 102
387 0 -1 0 2 223 5 129 3 128
388 0 4 0 3 97 4 6 1 24 4 14 1 86
389 0 11 0 2 112
390 0 8 0 2 95 5 74 2 85 5 62 3 21 5 65
391 0 -12 0 2 300 5 28 2 24 4 113 1 300 5 16 1 39
392 0 2 0 2 33 4 58 1 94
393 80 0 1 2 156
394 0 8 0 3 74 4 51 0 57 4 9 1 45 4 17
395 0 7 0 2 14 4 47 1 71 5 13 1 37 5 25
396 0 -13 0 0 300 5 11 0 64 5 72 3 300 4 15 3 63
397 0 10 0 1 14 5 15 3 92 4 27
398 81 0 2 2 95 5 30 1 138 4 47 1 119
399 0 -2 0 0 155 5 22 3 233
400 0 5 0 2 83 4 64 0 81 4 52 3 43 4 40
401 82 0 2 2 87 5 47 3 38
402 0 18 0 0 152
403 0 4 0 3 60 5 37 1 46 4 6
404 0 6 0 1 52 5 65 1 71 5 39 3 30 4 57
405 0 -3 0 2 300 4 29 2 33 4 119 1 288 4 41 3 201
406 0 15 0 0 120
407 0 5 0 1 76 4 36 1 28
408 0 -10 0 3 119
409 0 1 0 3 66 5 39 0 83 5 71 2 57 5 27
410 0 1 0 2 38 5 60 3 50 4 24
411 0 3 0 0 48 5 66 1 69 4 51 1 62
412 0 7 0 1 39 4 75 3 69 4 7 2 49
413 97 0 2 2 83 5 20 3 28
414 0 7 0 1 76 5 46 1 10 4 61 3 21
415 0 -11 0 3 180 4 61 2 289
416 0 0 0 1 54 4 38 2 46 5 11 1 18 4 68
417 0 3 0 0 30 5 48 3 86 4 53 3 68
418 96 0 2 0 43 4 68 3 39
419 0 9 0 1 10 4 52 3 16 5 52
420 0 9 0 1 74 5 51 0 10 4 17 0 55 5 36
421 0 -20 0 1 231 4 145 3 293 5 97 0 300 4 27 0 77
422 0 10 0 3 11 4 9 3 31 5 58 0 73 5 19
423 0 1 0 0 93 4 11 2 93 5 48
424 0 -13 0 1 236 4 122 1 300 5 24 1 57
425 0 3 0 0 75 4 68 0 64 4 71 3 48
426 0 2 0 0 59 5 21 3 37 4 44 1 38
427 0 3 0 1 44 5 13 2 87
428 0 9 0 1 53 4 12 0 34
429 0 -16 0 3 297
430 83 0 2 2 21 5 42 3 29
431 0 -10 0 3 220 5 87 0 285
432 82 0 1 1 143 4 63 1 156
433 87 0 2 2 26
434 0 12 0 1 112
435 0 11 0 0 145 4 70
436 0 7 0 0 16 4 22 1 74 5 18 3 14 5 30
437 0 -6 0 0 205 5 111 3 218
438 0 8 0 1 71 4 69 3 99
439 0 0 0 1 165 5 73 2 300 5 28 2 3 4 91 1 121
440 0 9 0 0 37 4 6 3 100 5 20 0 60
441 0 -4 0 3 218
442 0 -18 0 2 149
443 0 -4 0 0 299 4 34 2 300 4 10 2 5
444 0 6 0 3 83 5 25 0 49 5 21
445 0 0 0 2 88 5 50 3 91 4 45
446 0 -1 0 0 290 4 117 3 106 4 61 3 205
447 99 0 1 1 57 4 17 2 93
448 0 -20 0 1 300 5 25 1 67
449 0 6 0 2 97 5 9 3 64 5 38
450 0 16 0 3 112 5 84 3 146
451 0 2 0 0 36 5 23 3 74 4 59 1 25
452 0 1 0 3 83 4 40 1 82 5 14 2 33
453 0 -12 0 0 291 5 100 1 215 4 87 0 298
454 0 0 0 1 15 4 32 0 34 5 25
455 0 -18 0 1 291 5 67 3 107
456 0 -2 0 1 192 5 79 3 248
457 0 -17 0 3 104 4 54 3 158 5 80 1 291
458 0 1 0 0 86 5 54 0 76 5 11
459 0 -17 0 2 300 4 14 2 79
460 0 -10 0 2 162 4 105 3 273
461 0 9 0 1 85 5 74 3 40
462 0 9 0 2 95 5 73 2 30 5 29 0 51
463 0 -8 0 2 267 4 69 2 208 4 148 0 264
464 0 12 0 1 100 5 104
465 0 -3 0 3 115 5 146 2 300 4 20 2 95
466 0 12 0 0 152 5 135
467 0 -17 0 0 300 4 17 0 84 5 104 0 300 4 26 0 28
468 87 0 1 3 86
469 85 0 1 2 89 4 17 2 170 5 72 0 177
470 0 -1 0 3 144
471 0 3 0 0 40 5 35 1 69
472 80 0 1 3 107 4 35 1 31 4 16 0 145
473 0 -14 0 0 212 5 52 1 204 5 90 1 111
474 92 0 1 3 179 4 48 3 133 5 64 1 89
475 0 3 0 2 91 4 24 1 93 4 51 2 27
476 81 0 2 0 146 4 69 3 148 5 28 2 92
477 0 -9 0 1 300 4 18 1 23
478 0 -12 0 2 300 4 23 2 44 4 117 3 300 5 19 3 25
479 0 1 0 2 90 5 48 3 75 4 69 1 11 4 37
480 0 1 0 3 81 4 27 2 39 4 56
481 0 -12 0 3 300 4 16 3 14 5 94 2 300 4 13 2 25 4 108 2 114
482 80 0 1 3 131
483 89 0 2 1 192
484 0 4 0 2 15 4 51 1 69 4 72 2 21 5 6
485 0 14 0 3 117 4 182 2 94
486 0 10 0 2 47 4 47 0 58 5 59 0 83 4 43
487 0 -16 0 1 300 4 26 1 96
488 0 -13 0 0 233 5 60 1 256 4 25 3 263
489 90 0 2 1 185 5 45 1 63 4 57 2 48
490 0 -14 0 0 156
491 0 1 0 2 37 4 40 0 89
492 0 4 0 0 65 4 13 3 32 4 61 0 72
493 0 6 0 2 97 4 32 1 44 5 35 1 98 4 41
494 98 0 1 3 180
495 90 0 2 1 103 5 75 2 20
496 0 10 0 0 96 5 59 3 59
497 0 -4 0 0 300 4 21 0 15
498 0 14 0 3 81 4 114 0 90
499 81 0 2 3 149
500 0 -15 0 1 300 4 22 1 87 5 122 2 142
501 0 9 0 2 26 4 60 2 42 4 9 2 42
502 0 -13 0 2 261 5 69 3 263
503 0 -18 0 0 300 5 15 0 4 5 40 2 290
504 0 9 0 1 62 5 74 1 19 4 56
505 0 -20 0 3 300 4 19 3 15
506 0 19 0 3 107 5 85
507 0 -7 0 0 283 5 54 0 300 4 11 0 11 4 115 2 300 5 23 2 39
508 90 0 1 2 143 5 61 0 102 5 31 0 114
509 0 -18 0 3 300 5 10 3 5 4 126 2 259
510 0 -3 0 3 105 4 99 1 169 5 83 3 300 4 24 3 87
511 0 6 0 2 38 4 31 3 98 5 26 3 10 4 10
512 85 0 1 3 44
513 93 0 1 2 80 5 61 3 34 5 34 3 163
514 0 -11 0 2 293 4 144 2 300 4 21 2 44 4 145 0 272
515 0 -11 0 2 285 5 68 1 108
516 0 -8 0 2 207 4 34 1 129
517 0 10 0 0 194 4 194 3 85
518 0 7 0 0 67 4 57 1 58
519 0 -16 0 0 300 5 14 0 42 5 119 3 128 5 31 3 286
520 99 0 1 3 124
521 0 4 0 0 61 5 70 0 30 5 18 2 36
522 0 -20 0 1 228 5 150 2 145
523 86 0 2 1 53 4 42 1 117
524 0 5 0 0 36 5 39 3 37 5 65
525 88 0 1 1 100 5 37 3 101
526 0 -16 0 3 122 5 66 2 107
527 0 -11 0 1 300 4 26 1 15 4 138 1 247 4 139 2 300 5 30 2 45
528 0 3 0 2 36 5 46 0 45 4 57
529 0 -2 0 1 254 5 106 2 199
530 0 7 0 3 94 5 27 1 61 4 64 2 40 5 19
531 91 0 1 3 101
532 0 15 0 2 151
533 0 -19 0 0 133
534 0 3 0 2 90 5 28 2 88
535 0 0 0 0 300 4 28 0 95
536 0 -16 0 1 300 5 26 1 72 5 103 2 242
537 0 -11 0 2 183
538 0 -6 0 0 233 5 45 3 196 5 96 1 200
539 0 13 0 3 123 4 121 0 164
540 88 0 2 2 49
541 0 10 0 0 118 4 80 0 75
542 0 -18 0 0 163
543 0 -13 0 1 300 5 26 1 59 4 131 2 285 5 24 3 102
544 0 11 0 2 181 5 192
545 0 -14 0 3 159 4 66 2 108
546 81 0 2 2 74 4 61 1 34 4 68 0 192
547 0 9 0 2 95 4 68 3 93 5 59 1 84
548 0 3 0 2 54 4 22 1 28 5 13 1 89 5 61
549 0 10 0 1 73 5 48 2 71 5 59 2 64 5 28
550 0 18 0 0 111 5 140
551 0 -16 0 2 283 5 28 0 175
552 0 -18 0 3 300 4 17 3 98 5 20 1 117 4 132 3 300 5 14 3 55
553 0 7 0 1 89 4 15 1 54 5 46
554 0 -9 0 1 127
555 0 17 0 2 149 4 180
556 0 2 0 0 44 5 43 3 17
557 0 -9 0 3 150
558 0 -9 0 1 300 4 28 1 6 4 131 1 172
559 0 14 0 1 131 5 106
560 0 -15 0 1 288 5 97 0 139
561 0 -1 0 0 300 4 16 0 28
562 0 -20 0 3 300 5 20 3 44 5 110 2 216
563 0 -9 0 0 300 4 11 0 34 4 130 1 143
564 0 -15 0 2 150 5 90 3 196 5 46 0 240
565 0 13 0 1 91 4 200 3 145
566 0 -13 0 2 284 4 137 3 300 4 29 3 25 5 99 0 136
567 0 4 0 2 44 5 21 1 81 5 58 0 66
568 0 0 0 3 91 5 50 0 28 4 30
569 0 4 0 3 22 5 25 3 74 4 68 3 11
570 0 10 0 3 61 5 139
571 0 5 0 3 67 4 27 1 79 5 72 3 11 5 6
572 0 2 0 1 19 5 28 2 35 4 17 3 40
573 0 9 0 0 70 5 39 2 27 5 7 0 93 5 52
574 83 0 2 2 112
575 0 -1 0 1 300 4 28 1 48
576 89 0 1 1 183
577 0 0 0 0 94 4 48 0 93 5 59 3 67
578 0 0 0 0 300 5 14 0 66 4 51 2 186 4 78 3 262
579 0 -15 0 3 295 4 114 1 300 4 20 1 92
580 0 -1 0 2 300 5 18 2 2
581 0 -11 0 0 110 5 25 2 100
582 0 -7 0 2 265 5 90 3 286 5 41 1 268
583 0 -5 0 2 123 5 96 1 217 5 93 2 208
584 0 4 0 1 60 4 70 1 73 4 55 0 38 5 25
585 0 -16 0 2 300 4 13 2 38
586 91 0 2 1 47
587 95 0 2 3 124 5 48 3 168
588 0 1 0 0 28 4 29 2 21 4 6 1 78
589 0 -11 0 2 250 4 119 2 271
590 0 -8 0 0 170 4 54 0 300 5 11 0 74 4 77 3 234
591 0 -5 0 3 199 5 81 0 300 5 12 0 5 5 98 2 133
592 0 -7 0 2 300 4 28 2 6 4 141 3 204
593 0 0 0 2 48 5 8 2 49
594 0 6 0 2 42 5 9 3 59
595 85 0 1 0 152 5 31 0 93
596 0 -19 0 3 275 4 78 2 162 4 28 3 217
597 0 -12 0 0 268 4 117 0 300 5 28 0 84 5 129 3 300 5 14 3 40
598 0 1 0 3 66 4 39 0 67 4 39
599 87 0 1 3 83 4 31 1 33 5 74 1 25
600 0 -18 0 1 300 4 15 1 27 5 37 3 199
601 0 -7 0 3 300 5 14 3 100 4 120 3 300 5 11 3 54
602 95 0 1 0 126 4 28 2 146
603 0 10 0 1 38 5 38 2 38 5 48
604 0 13 0 3 183 4 119 0 105
605 0 18 0 2 85
606 0 -9 0 0 300 4 24 0 64 5 150 0 100 4 80 1 256
607 0 5 0 0 34 5 63 2 73 5 51 2 99 4 69
608 0 5 0 2 83 4 63 2 14 4 63
609 80 0 1 0 83
610 0 16 0 3 182 4 135 2 165
611 0 4 0 3 15 4 19 0 33 5 63 2 59 5 48
612 0 14 0 2 154 4 73 0 176
613 0 -6 0 0 121
614 0 -12 0 0 215
615 0 4 0 3 17 4 44 2 73 4 7 2 27
616 87 0 1 2 200 5 60 2 179
617 0 2 0 2 11 4 54 1 13 4 75
618 0 0 0 3 300 4 27 3 62
619 0 2 0 2 80 5 46 1 91 5 41 0 83
620 0 10 0 3 67 5 74 1 62
621 0 8 0 1 37 4 39 2 23 4 17 0 66
622 0 13 0 1 87 4 106 2 111
623 0 17 0 2 195 4 112 1 87
624 89 0 2 3 188 5 28 3 37 4 19 0 142
625 0 -14 0 3 245
626 0 -6 0 3 150 4 45 2 153 5 119 3 300 5 14 3 5
627 96 0 1 2 141 4 14 0 97 5 37 1 126
628 0 6 0 0 95 5 31 2 31 4 45
629 0 18 0 2 189 5 143
630 0 -7 0 3 291 5 121 1 300 4 13 1 84 5 42 0 197
631 0 -14 0 2 114 5 54 2 300 4 20 2 91
632 99 0 1 3 147 4 34 2 42 5 42 3 59
633 0 -16 0 0 104
634 0 14 0 2 197 5 151 1 166
635 0 -14 0 1 204 5 109 3 300 5 30 3 75
636 96 0 1 1 31
637 80 0 2 3 194 4 10 1 35
638 94 0 1 0 159 4 34 0 31 4 59 3 188
639 0 8 0 1 46 4 42 0 91 4 70
640 0 -3 0 3 294 4 86 0 103
641 0 -7 0 0 210 5 119 2 300 4 11 2 75
642 82 0 2 1 172
643 98 0 2 0 28 5 42 2 76
644 0 5 0 0 15 5 31 1 13 5 25
645 0 0 0 1 300 4 82 2 210
646 0 -12 0 2 300 5 17 2 30
647 93 0 1 2 135 5 45 2 72
648 0 -9 0 3 236 4 112 1 294
649 82 0 2 3 63 4 35 1 137 5 36 0 112
650 0 6 0 2 25 4 30 3 48
651 0 -20 0 2 225 5 147 0 227
652 0 9 0 1 29 4 7 3 18
653 87 0 2 1 38
654 0 4 0 2 81 4 22 2 79 5 55 2 46 4 53
655 0 0 0 0 300 4 15 0 47
656 0 5 0 2 90 5 41 0 43 4 33
657 82 0 1 2 169 4 47 2 176
658 0 16 0 1 153
659 0 5 0 0 37 4 44 1 68 5 18 3 64
660 97 0 1 2 165 4 58 3 61 5 57 2 173
661 0 12 0 1 147 5 88 1 137
662 0 -5 0 3 180
663 84 0 2 1 134 5 34 0 186
664 0 5 0 1 24 4 21 2 28 4 35 3 81
665 96 0 2 1 158
666 99 0 1 1 111 5 71 0 89
667 0 10 0 2 85
668 0 4 0 3 39 5 32 1 51
669 0 10 0 3 43 4 73 3 16 5 62 0 68
670 0 -4 0 2 244 4 44 2 300 5 23 2 4 4 22 3 300 5 25 3 35
671 0 3 0 3 44 5 54 3 10 4 40 3 75
672 95 0 2 3 169
673 0 -11 0 0 300 5 23 0 59
674 0 9 0 0 25 4 57 3 13 4 34 1 32
675 0 1 0 3 56 4 59 0 57 4 11 0 10 4 42
676 0 -7 0 0 300 4 24 0 3
677 0 10 0 0 144 5 63 2 95
678 0 3 0 3 94 4 46 1 52 4 45 1 45 4 35
679 0 10 0 0 84 5 75 0 63
680 0 -5 0 2 300 5 11 2 1 5 56 3 263 4 75 1 300 5 16 1 98
681 0 3 0 1 32 5 54 0 41
682 0 -7 0 1 300 5 14 1 33
683 98 0 1 1 147
684 0 19 0 2 170 5 124 1 186
685 0 8 0 1 96 4 26 0 85 5 22 0 84 4 56
686 0 5 0 0 74 5 62 1 88 5 29 0 58
687 0 9 0 3 88 5 48 1 18 5 17
688 0 -18 0 1 103 4 35 1 253 5 61 1 111
689 0 12 0 1 174 5 54 2 111
690 0 2 0 0 93 5 6 3 66 5 12
691 0 10 0 1 67 4 8 2 88
692 0 10 0 2 95 5 70 3 46 4 21
693 91 0 1 3 92
694 0 -14 0 1 300 5 16 1 62
695 0 -11 0 1 242 4 125 1 261 4 32 2 199
696 98 0 2 0 36 5 48 3 133 5 40 2 81
697 0 -9 0 2 215
698 0 -8 0 2 102 5 112 0 211
699 0 -13 0 2 300 4 14 2 35
700 0 -17 0 3 252
701 0 0 0 1 35 5 11 2 88
702 80 0 1 3 197 5 29 3 133
703 0 10 0 0 174 5 94
704 0 13 0 2 146 5 109
705 0 -7 0 2 300 4 21 2 55 5 94 0 300 4 26 0 43 5 31 2 300 5 20 2 95
706 0 -15 0 1 259 4 67 2 300 5 12 2 46
707 0 -5 0 2 298 5 114 3 196
708 94 0 2 2 125 4 40 1 170 5 27 3 177
709 0 -12 0 0 210
710 0 1 0 1 57 5 65 3 98 4 27 3 93
711 0 -19 0 2 157
712 0 12 0 0 102 4 104
713 0 9 0 3 12 4 54 3 78 5 57 1 95 5 23
714 0 5 0 0 74 4 31 3 26 5 56 0 44 4 46
715 0 10 0 0 67 5 8 0 58
716 99 0 1 0 28 5 68 2 59 4 57 2 50
717 0 0 0 3 37 5 32 2 95 4 37 2 87 5 41
718 0 4 0 3 81 5 22 1 46 4 16
719 0 12 0 2 160
720 0 7 0 2 68 4 5 0 42 4 21 0 93 4 73
721 0 10 0 2 77 5 65 3 22 4 20 3 28 5 18
722 0 8 0 3 87 5 9 2 26 5 11 2 29 5 38
723 0 -14 0 2 100 5 49 3 300 5 25 3 27 5 101 1 134
724 0 12 0 1 149 4 86
725 0 13 0 2 161 5 106
726 88 0 1 0 22 5 51 1 176 4 71 1 44
727 0 9 0 0 29 5 52 3 52 5 16
728 0 3 0 2 97 4 30 3 96 5 44 3 61 4 62
729 0 -8 0 3 300 4 29 3 95 4 142 0 229 5 49 3 234
730 98 0 1 2 144 4 20 2 116
731 0 -18 0 2 300 4 23 2 53 5 92 3 300 5 26 3 66
732 0 16 0 0 197 5 171 1 95
733 0 9 0 2 58 4 71 3 33 4 51 1 14 5 22
734 0 8 0 3 17 4 46 1 94 5 15
735 0 5 0 1 89 4 63 1 38 5 11
736 0 2 0 1 26 4 44 3 24 5 60 2 92 5 63
737 91 0 1 1 100 5 18 0 35
738 0 10 0 3 160
739 0 3 0 2 92 4 47 1 76
740 0 8 0 0 53 5 72 3 60
741 89 0 1 0 159 5 70 0 48 5 30 1 29
742 0 18 0 3 149 5 194 3 138
743 91 0 2 3 137
744 0 3 0 3 11 4 75 1 55 4 58 3 81 5 41
745 0 13 0 0 124 4 137
746 85 0 1 1 107 4 69 3 115 5 56 0 176
747 0 9 0 0 70 5 53 0 61 4 29
748 0 10 0 0 88 4 30 2 43 5 8 0 55
749 0 0 0 1 41 5 46 3 52 5 65 2 61
750 88 0 2 1 148 5 51 3 32
751 0 -3 0 3 245
752 0 11 0 2 195 5 73
753 0 6 0 1 25 4 58 2 66 4 8 3 45
754 0 -2 0 1 235 4 37 2 184
755 0 14 0 0 55 4 156 2 59
756 0 -16 0 0 300 4 17 0 84
757 93 0 1 1 57
758 0 -7 0 1 130
759 0 8 0 2 81 5 58 0 44 5 8 0 68 4 30
760 0 -5 0 3 190 4 103 0 300 5 24 0 63
761 0 -11 0 3 300 4 24 3 64 5 122 0 278 5 102 2 173
762 0 6 0 2 98 4 73 1 80 5 57
763 0 -15 0 1 204
764 0 6 0 1 97 4 54 0 98 4 13 2 67 4 26
765 91 0 2 3 141 5 73 1 34 4 12 2 95
766 80 0 2 3 139
767 0 -7 0 0 213 4 68 2 155
768 0 -3 0 2 300 5 17 2 55
769 0 15 0 0 59 5 131 3 95
770 0 -3 0 3 165 5 68 0 210
771 97 0 1 2 79 5 50 3 33 4 15 3 92
772 0 -5 0 1 168
773 0 9 0 3 85 5 46 1 47 5 14 0 21 5 8
774 90 0 2 2 126 4 17 2 82 4 10 2 116
775 0 6 0 0 52 5 75 3 67 5 47
776 0 -9 0 1 180
777 96 0 1 3 54 5 42 0 151 4 22 3 81
778 0 -6 0 2 156
779 82 0 1 1 187 4 48 2 181
780 0 -15 0 2 169 5 67 1 120
781 0 10 0 0 10 4 72 1 40 4 68 3 76
782 0 6 0 2 96 5 74 2 44 5 58
783 0 4 0 0 51 5 21 1 60 5 24
784 0 3 0 2 54 5 59 1 28 5 21 3 46 4 26
785 0 11 0 0 112 4 94 1 105
786 0 -16 0 2 201
787 0 -6 0 2 250 5 54 2 276 5 115 0 158
788 0 0 0 3 56 4 72 1 11
789 0 17 0 2 81 5 70 0 166
790 0 -2 0 0 273 5 66 1 253
791 0 11 0 0 172
792 0 5 0 1 23 5 48 1 74
793 0 -18 0 2 300 5 20 2 21 5 24 3 300 5 22 3 98
794 85 0 2 0 61 5 10 2 190 4 47 1 61
795 0 15 0 0 174 4 150 2 74
796 0 -16 0 2 123 5 141 0 300 5 29 0 95 4 85 3 268
797 0 -12 0 3 300 4 25 3 37 4 127 2 300 5 15 2 94
798 0 -1 0 3 153 5 99 1 276 5 42 3 269
799 87 0 1 0 137
800 91 0 1 1 170
801 99 0 1 0 162
802 0 -9 0 3 289
803 0 -20 0 0 300 4 27 0 2
804 0 -7 0 2 202 5 140 2 258
805 0 12 0 2 191
806 0 12 0 1 158 5 113 1 80
807 0 10 0 1 37 4 11 1 23 5 75 1 96 5 38
808 91 0 2 3 135
809 0 -16 0 0 193 5 107 1 272
810 0 -13 0 3 227 5 102 0 142 4 46 3 171
811 88 0 1 2 162 4 73 0 148 4 32 3 51
812 0 -12 0 3 300 4 13 3 39
813 0 -1 0 2 147 4 28 2 138 4 98 0 300 4 17 0 53
814 90 0 2 0 158 5 68 3 90
815 0 -11 0 3 194 5 40 1 268 4 110 3 300 5 29 3 29
816 0 8 0 0 42 5 36 3 18 4 64 0 93 4 46
817 0 -2 0 1 300 5 14 1 18 5 90 2 181 4 85 1 265
818 0 10 0 0 73 4 21 1 52
819 0 3 0 0 12 5 16 0 62 5 17 0 71
820 0 18 0 2 56 5 112
821 87 0 1 3 20 4 72 1 107 4 28 2 154
822 0 -5 0 0 300 4 16 0 95 4 53 3 207 5 73 2 104
823 0 4 0 2 64 4 12 0 47 4 10 0 63
824 0 -14 0 0 131
825 0 -10 0 1 265 4 78 2 198
826 0 -2 0 2 220
827 0 18 0 3 165 4 127 3 98
828 0 -7 0 2 169 5 56 0 300 4 20 0 53 4 101 3 269
829 86 0 1 3 93 5 60 1 123 4 23 3 107
830 0 -1 0 0 168
831 0 7 0 3 25 4 59 0 26 4 20
832 0 0 0 1 49 5 36 3 28 4 32 2 100 4 64
833 0 5 0 2 74 4 9 3 83 5 70 0 37
834 0 1 0 0 96 4 38 3 35 4 61
835 90 0 2 2 80 4 10 0 20
836 0 -6 0 3 300 4 14 3 67
837 80 0 2 3 71
838 0 -1 0 3 101
839 90 0 1 0 165 4 12 0 97
840 0 -3 0 1 300
841 0 0 0 0 283 4 126 3 157
842 0 -11 0 2 188 4 82 1 300 4 17 1 51
843 0 -20 0 0 222 5 22 3 258
844 0 -12 0 3 300 5 25 3 73
845 0 0 0 3 300 4 16 3 92 4 150 0 300 5 30 0 24
846 94 0 1 1 126
847 0 -18 0 3 132
848 0 -14 0 1 278 4 124 0 300 4 21 0 17 5 58 3 300 5 12 3 100
849 0 11 0 3 126 5 76 2 80
850 0 -14 0 2 280 5 110 3 300 4 27 3 58
851 95 0 2 1 199 5 30 2 199
852 0 2 0 1 92 5 65 2 21 5 40
853 89 0 2 3 102 5 36 2 156
854 84 0 1 2 117 5 20 0 81 5 35 2 22
855 0 -1 0 1 300 5 24 1 91 5 142 1 300 4 16 1 63
856 0 15 0 0 82 5 129 3 98
857 0 -18 0 2 222 4 138 2 252 5 43 0 170
858 0 -13 0 3 300 4 11 3 54 4 141 1 160 5 146 0 108
859 80 0 1 0 56 5 47 2 100
860 0 0 0 1 62 5 26 2 82
861 83 0 2 2 181 5 29 1 145
862 0 14 0 3 157 4 111
863 0 -19 0 2 300 5 15 2 59 5 51 3 141 4 138 2 174
864 94 0 2 2 20
865 0 0 0 1 82 5 70 3 82
866 0 4 0 3 52 4 14 0 26 5 56 0 99
867 98 0 2 3 38 5 46 0 79 4 15 2 117
868 0 10 0 2 24 5 64 3 70 5 32 2 43
869 0 3 0 0 39 4 26 1 51 4 16 2 52
870 88 0 2 0 137 4 36 0 107 4 51 2 172
871 0 6 0 0 54 4 68 1 53 5 35
872 0 13 0 1 127 5 139 2 120
873 0 6 0 0 70 5 70 1 26
874 0 -10 0 3 160
875 0 -4 0 3 135
876 0 -5 0 3 300 4 13 3 21
877 96 0 2 3 193 4 33 1 24 4 23 1 140
878 93 0 2 2 38 5 16 0 99 4 68 3 87
879 0 6 0 3 83 5 69 1 34
880 0 -5 0 0 300 5 20 0 2 5 45 3 246
881 0 7 0 2 100 5 9 3 67 4 45 1 73 4 10
882 97 0 2 2 163 5 41 3 108 5 66 0 136
883 0 -2 0 0 136 5 51 1 190
884 0 -20 0 0 171 5 104 3 300 4 17 3 88
885 0 6 0 2 24 4 53 0 66 5 34
886 0 -10 0 1 300 4 13 1 23 4 150 3 299
887 0 -2 0 2 172 5 48 0 188
888 0 9 0 2 20 4 14 2 58 5 28 0 81
889 94 0 2 2 138 5 55 2 102
890 0 -6 0 3 300 4 15 3 33 4 61 1 269 4 79 2 300 4 21 2 97
891 0 1 0 3 18 4 46 2 15 4 16 3 97 5 14
892 0 -19 0 2 242 5 78 2 300 5 27 2 59
893 0 -1 0 3 300 5 20 3 36 4 114 3 300 5 13 3 92
894 91 0 2 3 119
895 0 -16 0 1 300 5 30 1 55
896 96 0 1 2 113 4 74 0 87
897 0 -7 0 3 169
898 97 0 2 3 21 5 58 1 102 4 56 2 54
899 0 -1 0 3 195
900 0 0 0 0 195
901 0 -5 0 0 258 4 150 1 186
902 0 4 0 0 27 5 27 3 49 4 24
903 0 -17 0 1 300 4 24 1 94 5 131 2 247
904 0 3 0 2 73 5 42 2 93 5 59 3 78 4 48
905 0 7 0 1 45 5 42 1 74
906 0 13 0 2 142 4 176 2 127
907 98 0 2 2 166 5 38 3 200 4 22 2 104
908 0 0 0 2 37 5 11 1 90
909 0 -7 0 2 300 4 15 2 80 4 85 2 207
910 0 -15 0 1 300 4 29 1 16
911 0 -4 0 1 164 5 95 1 115
912 0 -3 0 1 142 5 138 2 271 4 104 3 219
913 91 0 2 3 26 5 51 2 174 4 70 1 175
914 0 0 0 0 300 5 22 0 97 5 36 0 179
915 0 -8 0 2 126 4 34 1 248 5 66 3 300 4 10 3 61
916 0 10 0 3 178 4 171 0 172
917 0 -10 0 2 104
918 0 5 0 3 60 4 74 2 88
919 0 9 0 0 94 5 16 2 35 5 54 0 74
920 0 -11 0 0 152
921 0 1 0 0 50 5 73 1 79 4 35 1 17 5 70
922 0 -6 0 2 300 4 24 2 73 5 141 2 245
923 0 2 0 1 89 4 24 1 23 4 52
924 0 1 0 0 14 5 55 3 86 5 68 3 11 4 58
925 85 0 1 1 58 4 49 1 192 4 23 1 200
926 0 -4 0 3 300 5 10 3 38 4 65 0 165
927 0 6 0 2 92 5 27 0 87 4 54
928 0 18 0 0 140
929 0 5 0 0 42 4 16 1 65 5 40 3 58 4 62
930 0 1 0 2 95 4 54 1 69 4 58 3 44
931 0 3 0 3 49 4 7 3 11
932 0 10 0 3 63 5 65 3 35 5 59 3 37
933 0 7 0 1 11 4 21 2 16 4 23
934 0 -5 0 2 273 4 98 1 232 5 89 2 300 4 20 2 87
935 95 0 1 0 152 4 51 0 143
936 0 1 0 1 27 5 30 3 50 5 29 0 43
937 0 0 0 0 26 5 11 1 84 4 67 0 86 5 31
938 0 -10 0 3 300 5 12 3 39 4 148 2 146 5 106 1 300 5 24 1 18
939 0 10 0 0 43 5 42 2 46 4 56
940 0 -18 0 1 300 5 16 1 66
941 0 -4 0 2 136 5 48 2 300 5 15 2 7
942 0 3 0 0 84 5 17 2 52 5 59
943 0 14 0 0 155
944 0 -5 0 3 287 4 130 0 103 5 79 3 254
945 0 8 0 2 22 4 51 0 78 5 21 3 10 5 53
946 0 10 0 1 57 4 59 3 91 4 63 2 95
947 91 0 2 1 102 4 23 2 195
948 98 0 1 2 190 5 65 2 103
949 0 1 0 2 99 5 61 0 65 5 49
950 0 -12 0 2 249
951 0 8 0 2 94 5 27 3 50 5 17
952 0 -13 0 3 280 4 44 1 188 5 54 2 300 4 21 2 40
953 0 -5 0 1 170 5 125 3 220
954 86 0 2 2 62 4 27 3 32
955 0 -19 0 3 300 5 27 3 38
956 0 8 0 1 36 4 62 1 86 4 67 2 18
957 0 -6 0 3 300 5 18 3 53 4 53 2 248
958 99 0 1 2 128 5 20 3 61 5 54 2 98
959 0 -12 0 0 143 4 128 0 134 5 125 3 300 5 20 3 59
960 0 -17 0 3 160
961 80 0 2 3 167 4 22 3 124 4 12 1 143
962 0 7 0 2 50 4 13 0 19 5 75
963 0 1 0 2 60 5 18 2 97 5 44
964 0 8 0 2 54 4 27 1 95 4 57 2 60
965 0 5 0 0 73 5 13 3 39 4 18 1 18 4 26
966 0 -14 0 1 249 4 34 2 300 5 25 2 57 5 69 1 300 4 16 1 66
967 0 -19 0 3 300 4 26 3 71
968 0 -19 0 1 300 5 29 1 17
969 0 -7 0 2 300 5 16 2 98
970 0 -7 0 3 187 5 90 0 300 5 16 0 8
971 0 5 0 3 56 4 18 3 45 4 18 1 71
972 0 -1 0 3 300 5 13 3 49 4 55 1 151 5 62 3 218
973 0 16 0 2 53 5 148 1 50
974 0 -3 0 1 300 5 23 1 53 4 88 1 129
975 0 19 0 3 59 5 137 2 118
976 85 0 1 3 33 5 74 0 61
977 0 10 0 3 70 5 120
978 0 0 0 3 300 4 23 3 27 5 109 2 300 4 30 2 73
979 0 12 0 0 138
980 98 0 1 3 64 5 46 1 25 4 65 0 150
981 80 0 2 0 132
982 0 7 0 3 82 5 25 2 71 5 47
983 0 3 0 1 18 5 74 1 85 4 68
984 0 0 0 1 53 4 44 2 90 5 75 3 33 5 33
985 0 -6 0 2 195
986 96 0 1 0 80 5 68 1 88 5 71 0 102
987 0 13 0 2 101
988 0 1 0 2 95 4 49 2 26 5 43 0 14 5 56
989 0 7 0 3 73 4 55 2 100 4 48 2 55 4 37
990 0 -13 0 1 300 5 22 1 33 5 127 3 211
991 0 14 0 1 109 5 72 1 134
992 0 -10 0 2 263 5 143 2 300 5 15 2 38 4 89 2 299
993 0 14 0 3 106 4 82
994 0 8 0 0 76 4 41 1 93 4 47
995 0 -11 0 2 223 5 89 0 214
996 99 0 2 3 48 4 67 3 140
997 0 -10 0 3 300 4 12 3 69 5 45 2 110 4 106 1 176
998 0 -18 0 3 202 5 78 1 132 5 70 2 252
999 0 -3 0 0 285 4 88 0 101
1000 0 4 0 3 76 4 75 3 79 5 59 2 88 5 31
1001 95 0 2 1 83 5 69 0 128
1002 0 10 0 1 91 4 37 0 16 5 40 2 49
1003 88 0 1 3 160
1004 0 4 0 1 59 5 72 1 52 4 44 3 48 4 67
1005 0 -3 0 2 197 5 140 3 180 5 139 1 161
1006 0 5 0 1 11 4 29 0 47 4 30 2 85 5 52
1007 0 0 0 2 265 5 86 0 153
1008 84 0 2 0 58 5 38 2 114
1009 0 -10 0 1 300 4 21 1 77 4 87 1 119
1010 0 16 0 0 168
1011 81 0 2 0 120
1012 0 -11 0 1 264
1013 0 7 0 2 79 5 67 1 11 4 9 3 55 4 37
1014 0 0 0 3 46 4 27 1 45 4 52
1015 0 16 0 1 177 4 148 1 81
1016 0 -9 0 0 300 4 14 0 39 5 131 1 190 4 76 3 138
1017 0 16 0 3 58 5 180 3 179
1018 80 0 2 1 66
1019 0 -15 0 0 300 5 29 0 75 4 44 0 267 5 141 3 300 4 19 3 64
1020 0 -4 0 0 227 5 40 3 266
1021 0 -1 0 0 182 4 52 2 203 5 95 1 260
1022 0 -15 0 0 103 4 56 3 134 5 30 1 218
1023 0 -20 0 0 249 4 128 3 184
1024 0 5 0 2 47 4 58 1 77
1025 0 -16 0 3 126 5 140 1 262
1026 0 -20 0 2 300 5 17 2 39 4 66 1 217 5 26 2 300 5 15 2 60
1027 0 -13 0 0 300 5 15 0 78 5 90 1 204 4 23 2 275
1028 88 0 2 3 170
1029 0 14 0 0 150 5 100
1030 0 9 0 0 86 5 49 3 64
1031 0 -6 0 2 130 4 74 2 165
1032 0 8 0 0 95 5 44 2 12
1033 0 -13 0 0 292
1034 0 -4 0 3 300 4 14 3 66 5 89 1 139
1035 0 2 0 3 71 4 73 0 82 5 32 1 76 5 54
1036 0 -6 0 3 272 5 95 3 300 4 21 3 40
1037 0 -16 0 1 300 5 12 1 97 4 59 0 300 4 24 0 56 4 58 3 295
1038 0 -1 0 2 206 5 123 0 300 5 27 0 45 5 46 1 271
1039 0 -6 0 2 300 4 10 2 68 5 125 2 300 4 16 2 6 4 114 0 133
1040 0 0 0 3 96 5 45 0 25
1041 0 -6 0 1 300 5 14 1 8
1042 90 0 2 1 170
1043 0 1 0 0 24 5 13 2 16 5 34 1 52 5 25
1044 0 -12 0 2 300 5 13 2 89 4 72 3 221
1045 0 -10 0 2 265 4 97 1 204
1046 0 -19 0 0 300 4 28 0 7 4 20 0 300 5 29 0 70
1047 0 5 0 3 82 5 73 2 20 5 60
1048 0 19 0 0 92 5 139
1049 0 -12 0 2 300 5 12 2 7 5 62 1 136 4 43 1 299
1050 0 2 0 2 93 4 56 1 99 5 69
1051 0 3 0 3 87 4 69 0 12 4 71 3 78
1052 82 0 1 2 178 4 29 0 151 5 28 0 144
1053 0 -6 0 3 300 4 25 3 55 4 60 2 275
1054 0 -6 0 0 108
1055 0 9 0 3 89 4 19 2 41 5 39 3 70
1056 0 5 0 1 90 4 41 0 50 5 32 3 55
1057 0 -15 0 3 161
1058 0 1 0 2 57 5 41 3 25 5 15
1059 87 0 2 0 25 4 63 2 133
1060 0 -1 0 2 262 4 69 3 300 5 20 3 7
1061 0 1 0 2 20 4 27 3 33
1062 0 7 0 1 38 4 66 0 81 5 20 3 23
1063 0 -1 0 1 300 4 21 1 34 4 135 2 201
1064 0 10 0 3 69 4 61 3 80 4 22 0 79
1065 83 0 2 2 47 4 59 3 39 5 28 2 42
1066 0 -15 0 0 294
1067 0 -20 0 0 300 4 20 0 90 4 31 0 188
1068 84 0 1 3 59 5 71 3 121 5 60 2 36
1069 0 1 0 2 25 5 57 3 26
1070 0 -14 0 2 175 4 27 1 300 5 14 1 73 5 61 1 300 5 20 1 38
1071 94 0 2 3 127 4 26 1 77 5 32 2 200
1072 82 0 1 2 85 5 42 1 60 5 64 1 122
1073 0 8 0 1 77 4 36 2 60 5 45 2 28 5 32
1074 0 -8 0 0 300 4 14 0 78
1075 84 0 1 2 157
1076 0 13 0 1 91
1077 0 3 0 0 53 5 12 1 31 5 36
1078 0 -8 0 2 300 4 28 2 76
1079 0 0 0 0 240 4 103 0 141
1080 85 0 1 3 97
1081 0 2 0 0 58 5 10 1 78 5 32 3 26
1082 0 6 0 0 14 5 15 0 93
1083 0 4 0 1 81 5 32 3 48 4 24 2 51 5 60
1084 0 -20 0 2 300 5 13 2 1 4 99 1 117
1085 89 0 2 0 94
1086 0 -15 0 1 208 5 41 0 229 4 95 3 275
1087 0 -19 0 3 186 5 144 3 179
1088 0 0 0 2 300 4 18 2 25 5 91 3 300 4 17 3 2
1089 0 11 0 0 139
1090 0 4 0 2 68 4 10 0 90 5 71 1 81
1091 0 -20 0 1 300 5 27 1 39 4 144 1 300 5 22 1 67
1092 0 8 0 1 68 5 56 0 68 5 64 1 27
1093 0 4 0 2 29 5 71 0 85 4 25
1094 0 8 0 2 43 5 31 1 55 4 18
1095 0 2 0 0 36 5 58 0 35
1096 81 0 2 2 142 4 31 3 142 5 64 0 182
1097 0 0 0 3 48 5 17 2 82
1098 0 4 0 1 46 4 15 0 41
1099 97 0 1 3 92
1100 0 -20 0 1 300 4 27 1 15 5 95 3 137
1101 97 0 2 0 198 5 24 2 60
1102 91 0 2 0 105 5 58 2 104 4 60 0 188
1103 92 0 2 0 141
1104 0 2 0 3 38 4 5 3 80 4 52 0 90 4 66
1105 86 0 1 0 109 5 57 1 174
1106 0 -4 0 2 300 4 22 2 55 5 134 0 300 4 29 0 67
1107 0 -17 0 0 251 5 75 3 169
1108 0 2 0 1 41 4 13 2 12 5 14 2 71 4 74
1109 90 0 1 2 130 5 23 1 160
1110 0 -2 0 2 281 5 141 1 300 4 27 1 35
1111 0 -14 0 1 300 4 13 1 11 5 125 3 300 4 23 3 25 5 35 3 300 4 22 3 47
1112 0 4 0 2 89 4 13 0 28 4 7
1113 0 2 0 2 75 4 74 1 31 5 69 0 34 5 46
1114 93 0 1 2 169 4 54 1 48 4 28 0 114
1115 0 -19 0 1 289 5 124 3 300 4 12 3 89
1116 92 0 1 2 140
1117 84 0 2 2 71
1118 0 -4 0 1 300 4 11 1 73 5 98 0 153 5 149 2 122
1119 81 0 1 0 109 5 74 1 144 5 35 1 32
1120 0 -3 0 0 263 4 80 1 211 4 116 1 156
1121 0 0 0 2 69 5 24 1 79 4 74
1122 0 2 0 1 84 5 61 0 24
1123 0 9 0 2 20 4 75 3 54 4 5 2 95 5 21
1124 0 -20 0 3 283 4 44 0 300 4 24 0 57
1125 0 2 0 3 77 4 5 3 84
1126 0 -11 0 0 300 5 13 0 66 5 47 0 300 4 18 0 87 5 132 0 261
1127 0 6 0 1 62 4 68 1 79
1128 0 -19 0 2 201 5 53 0 207 5 21 2 213
1129 82 0 2 1 181
1130 0 -12 0 3 153
1131 0 -9 0 3 190
1132 95 0 1 1 114 4 50 3 85 5 63 1 179
1133 0 -17 0 2 181 5 29 2 300 5 15 2 95
1134 0 -11 0 1 255 5 85 1 153 5 82 2 154
1135 0 8 0 3 51 4 54 2 52
1136 0 -4 0 0 300 5 10 0 25 5 87 0 300 5 14 0 39
1137 0 11 0 1 192 5 73 1 84
1138 0 -7 0 2 256
1139 0 10 0 2 81 4 38 2 70 5 8 1 26 4 35
1140 89 0 2 2 73 4 23 0 43
1141 0 -13 0 1 223 4 135 2 283 4 105 2 300 4 26 2 68
1142 85 0 2 1 131 5 39 3 164
1143 0 9 0 2 17 4 68 1 75
1144 0 1 0 2 23 5 24 0 71 4 22 2 46 4 25
1145 0 19 0 0 71 5 96 3 99
1146 0 -2 0 0 300 4 28 0 44 5 86 2 269 4 50 1 270
1147 0 -11 0 1 300 4 29 1 23 4 69 3 300 5 30 3 80
1148 0 1 0 2 44 4 49 1 69
1149 0 2 0 3 60 5 26 1 53
1150 0 9 0 3 17 4 65 2 48 5 48 3 30 4 74
1151 0 1 0 0 90 5 15 2 74 4 28 0 42 4 21
1152 0 -4 0 0 185
1153 94 0 1 1 171
1154 0 7 0 0 13 4 60 3 30 4 9 1 43
1155 94 0 1 3 31 4 17 3 111
1156 0 16 0 2 82
1157 0 10 0 2 53 4 10 0 47 4 20 3 69
1158 0 8 0 1 47 5 6 0 73
1159 90 0 2 1 104 5 62 1 155
1160 89 0 1 0 110
1161 0 -6 0 3 168 5 82 0 110 4 96 3 120
1162 0 17 0 2 157 4 87
1163 0 0 0 1 300 5 15 1 6
1164 0 19 0 0 181 5 179 3 56
1165 0 10 0 3 24 5 48 2 93 4 22 1 54
1166 86 0 2 2 193
1167 85 0 2 3 177 5 51 0 70
1168 0 4 0 3 81 4 51 0 77 5 19 2 90 4 56
1169 0 3 0 3 72 5 38 2 54 4 5
1170 0 6 0 0 31 4 6 3 62 5 72 1 54 4 27
1171 88 0 1 0 138
1172 94 0 1 0 37 5 13 3 132
1173 96 0 1 1 56
1174 0 -17 0 0 159 5 100 2 194 4 52 0 280
1175 0 1 0 1 43 4 13 1 96
1176 0 17 0 0 175
1177 83 0 1 0 61
1178 0 -19 0 0 190
1179 0 3 0 3 65 4 8 0 73 5 26
1180 93 0 2 0 90 4 33 2 195
1181 0 2 0 0 40 5 71 0 90 5 70 2 96 4 26
1182 0 -13 0 3 103
1183 0 2 0 3 83 5 17 3 51 4 41
1184 0 -6 0 2 300 5 27 2 51 4 146 1 120
1185 0 -6 0 3 300 4 26 3 6 5 84 2 300 5 14 2 7 5 44 3 300 4 13 3 5
1186 0 -3 0 0 300 5 23 0 83 4 35 1 181 4 101 1 300 5 16 1 62
1187 0 9 0 1 70 5 53 3 16 4 74 2 39
1188 0 -8 0 0 157 4 136 3 289 4 101 0 105
1189 0 -14 0 3 258
1190 0 9 0 1 78 4 53 0 51
1191 0 -2 0 0 121 5 21 2 226 5 116 0 200
1192 0 12 0 1 83 4 80 0 73
1193 94 0 1 1 170
1194 0 9 0 0 78 4 26 2 79 5 35
1195 0 2 0 0 99 4 9 0 29 4 44 3 100
1196 0 -9 0 0 210 5 150 1 245 5 37 0 272
1197 0 -5 0 3 214 5 37 0 137
1198 0 -12 0 2 196 5 73 0 245
1199 0 12 0 0 122 5 189
1200 82 0 2 1 155 4 20 1 129 4 55 0 155
1201 93 0 2 0 175 5 18 1 121 5 14 1 92
1202 0 2 0 0 26 4 18 1 10 4 19 0 77 4 58
1203 0 -12 0 0 109
1204 83 0 1 0 189 4 67 1 88
1205 0 17 0 0 76 5 131 3 106
1206 93 0 1 2 167 5 37 3 142
1207 0 -12 0 1 300 4 22 1 69
1208 0 -7 0 3 300 5 16 3 53 4 99 2 299
1209 0 -2 0 0 270 5 109 0 125
1210 0 -2 0 0 265
1211 0 -5 0 0 300 4 21 0 23 5 121 2 160 4 93 0 300 5 22 0 23
1212 0 -1 0 3 300 5 13 3 21 4 26 2 169
1213 0 10 0 0 132 5 94
1214 0 -17 0 2 234 5 32 0 288 4 25 2 182
1215 86 0 2 3 68 4 18 2 111
1216 0 -2 0 0 199 5 53 2 291 4 103 1 239
1217 96 0 2 1 62 5 66 3 51 5 30 1 57
1218 0 2 0 2 48 4 64 2 41 5 9 1 57 4 54
1219 0 -18 0 2 265 5 84 1 151 4 74 3 119
1220 0 0 0 2 89 5 70 1 74
1221 0 0 0 1 59 4 15 0 63 5 55 1 96 4 24
1222 0 -14 0 1 222
1223 0 7 0 0 17 4 57 0 75 5 33 1 15
1224 0 10 0 0 108 5 164
1225 94 0 2 1 171
1226 82 0 2 1 175 4 37 0 171 5 33 2 65
1227 92 0 2 1 35 4 18 0 72
1228 0 -16 0 3 182 4 99 3 254 5 24 2 300 5 30 2 86
1229 0 -9 0 1 198 5 78 1 246
1230 0 8 0 0 83 5 65 0 11 5 8 2 80 4 71
1231 0 -16 0 1 115 5 57 2 106
1232 0 -9 0 3 300 5 18 3 1 5 28 3 300 5 22 3 29
1233 0 5 0 0 50 4 35 1 18 4 30 0 90
1234 99 0 2 1 28 5 75 1 34
1235 85 0 2 3 162 4 24 3 195 4 29 3 158
1236 0 -17 0 1 300 4 22 1 28 4 84 3 172 5 41 1 228
1237 0 -3 0 0 177
1238 0 8 0 3 80 4 35 0 84 5 58 1 86
1239 0 16 0 0 117
1240 0 -2 0 0 172
1241 0 0 0 0 12 4 11 3 83 4 6 3 97
1242 85 0 2 2 65 5 40 0 27 5 17 3 107
1243 0 -9 0 2 242 4 124 3 138 5 43 1 280
1244 0 -11 0 0 257 4 140 3 300 5 12 3 52 5 71 0 201
1245 0 5 0 0 25 4 59 3 84 4 72 3 98
1246 0 -5 0 0 108
1247 0 19 0 1 187
1248 94 0 2 2 171 5 57 0 20 4 56 3 92
1249 0 6 0 0 28 4 40 3 33 4 36 0 41 5 18
1250 0 3 0 0 43 4 48 2 65 5 51
1251 0 0 0 2 52 5 13 3 82
1252 0 -19 0 1 123 5 75 0 300 4 21 0 28
1253 0 0 0 2 300 5 18 2 81 5 83 1 207
1254 94 0 1 1 187 4 32 1 194 4 24 2 136
1255 0 0 0 3 300 4 28 3 60 5 54 3 300 5 20 3 31
1256 86 0 2 2 185
1257 0 15 0 2 82
1258 92 0 1 1 193
1259 0 -6 0 1 113 4 91 1 300 4 10 1 51 5 76 1 221
1260 0 -18 0 2 178
1261 0 -10 0 3 125
1262 0 -1 0 0 206 4 90 1 300 5 24 1 21
1263 86 0 2 2 103 4 52 3 27
1264 0 7 0 2 24 5 48 3 79 5 12
1265 0 15 0 3 82
1266 0 -1 0 1 300 5 13 1 55 4 131 0 205 5 105 2 205
1267 0 6 0 2 27 4 27 2 83 5 22
1268 0 18 0 1 172 4 99 3 153
1269 0 -15 0 1 276
1270 0 -20 0 0 300 5 16 0 1 5 58 1 202 5 86 0 300 4 23 0 39
1271 0 -16 0 0 191
1272 0 -10 0 2 298 4 100 1 300 4 21 1 60
1273 0 0 0 0 39 5 68 0 38
1274 83 0 1 0 190 5 10 0 92 5 49 3 166
1275 0 9 0 1 53 5 61 0 15
1276 0 -13 0 1 127 4 93 2 300 5 16 2 40
1277 0 19 0 3 152 4 53
1278 0 4 0 3 13 5 51 1 44 4 36 2 43
1279 0 15 0 2 144 5 72
1280 0 -17 0 0 300 4 20 0 97 5 100 1 300 4 19 1 80 4 132 0 300 5 26 0 34
1281 89 0 2 0 100
1282 0 -15 0 2 151
1283 0 6 0 0 84 4 36 1 98 5 53 3 61 5 8
1284 0 1 0 1 75 4 71 0 100
1285 93 0 1 2 191 5 21 0 73 5 46 2 128
1286 0 7 0 3 22 5 34 1 28 4 64 3 74
1287 0 -6 0 0 115
1288 0 10 0 2 146
1289 0 10 0 3 185 4 66
1290 0 -4 0 1 159
1291 0 -3 0 1 195 4 98 2 281
1292 0 5 0 0 66 5 58 0 49 4 47
1293 0 -9 0 2 300 5 18 2 84 4 141 2 212 4 63 3 201
1294 0 15 0 1 200 5 113 0 110
1295 0 -3 0 1 143 4 48 1 300 5 18 1 90 5 121 2 300 4 24 2 41
1296 0 5 0 3 28 5 51 3 47 4 23 3 42 5 16
1297 99 0 1 1 147 5 58 2 35 5 48 1 151
1298 0 4 0 1 71 5 29 0 48
1299 0 0 0 2 43 4 63 1 96
1300 95 0 2 2 30 5 35 1 104 4 69 2 42
1301 0 7 0 0 69 5 42 1 75
1302 0 -20 0 1 272 4 70 1 300 5 14 1 55
1303 0 6 0 0 74 4 27 2 14
1304 0 -8 0 2 300 4 20 2 30 4 114 3 107 4 44 0 300 5 29 0 2
1305 0 -2 0 1 164 5 77 1 274 4 31 1 281
1306 0 10 0 1 165 4 117 3 142
1307 90 0 1 2 159 5 33 2 129 4 25 1 125
1308 98 0 2 3 168
1309 0 8 0 3 44 4 8 3 14 4 17 2 76
1310 84 0 2 2 95 4 51 2 148 5 48 0 41
1311 0 5 0 2 67 5 41 0 52 4 39
1312 0 11 0 0 142
1313 0 -7 0 3 163 4 46 0 155
1314 0 7 0 1 43 5 52 1 34
1315 0 -16 0 2 127 5 85 2 150 4 83 2 138
1316 0 -8 0 3 273 4 31 2 169 4 44 1 297
1317 0 9 0 1 71 5 19 2 81 5 41
1318 0 -20 0 3 105
1319 0 -1 0 3 300 4 29 3 9 5 68 1 200 5 97 0 128
1320 0 -6 0 3 300 5 14 3 14 5 97 1 278
1321 0 0 0 0 57 5 74 2 29 4 57 0 23 5 32
1322 0 4 0 3 96 4 11 0 28 4 5
1323 88 0 1 2 133 5 56 2 167
1324 94 0 2 1 37 5 23 2 89
1325 0 6 0 2 21 4 19 0 54 4 45
1326 85 0 1 3 184 4 73 1 67
1327 0 10 0 2 62
1328 0 -6 0 0 107
1329 89 0 1 0 170
1330 0 -2 0 0 300 5 13 0 78 4 73 2 300 5 20 2 69
1331 0 -12 0 0 158 4 62 3 300 4 10 3 58
1332 0 5 0 3 78 5 53 0 43 4 18
1333 0 -11 0 3 300 4 14 3 31 5 129 2 177 4 149 0 300 4 13 0 6
1334 81 0 1 3 153 4 50 1 92
1335 82 0 2 3 194 5 60 0 25
1336 0 18 0 3 60 5 149
1337 0 -14 0 3 206 4 54 0 258 4 85 3 149
1338 99 0 2 1 83 4 26 0 173
1339 0 14 0 2 155
1340 0 12 0 0 75 4 145 1 56
1341 0 -5 0 1 300 4 14 1 33 5 90 1 300 4 21 1 50 5 78 0 128
1342 80 0 1 2 34 5 71 0 117
1343 0 -2 0 0 184
1344 98 0 1 1 51 4 52 3 58 5 27 2 89
1345 0 -14 0 0 148 4 93 1 141
1346 0 -14 0 1 300 5 16 1 82 4 57 0 263 5 50 0 289
1347 83 0 2 0 158 5 58 2 29
1348 0 -11 0 0 117 5 99 3 263
1349 0 -19 0 0 300 4 10 0 2 4 39 2 217
1350 0 -5 0 2 232 4 28 1 300 5 28 1 63
1351 0 3 0 3 87 5 32 3 97
1352 96 0 2 2 21 4 33 3 42
1353 83 0 2 2 98 5 15 0 52 4 41 3 80
1354 0 8 0 0 23 4 44 1 29 5 32
1355 0 -18 0 1 105 4 50 0 170
1356 0 8 0 3 42 5 46 3 23 5 62 1 17
1357 0 5 0 0 29 5 57 0 29
1358 0 -1 0 3 300 4 17 3 37
1359 0 -1 0 0 144
1360 0 -4 0 2 291 4 45 0 300 4 24 0 66
1361 0 -14 0 0 153 5 135 1 126
1362 0 6 0 1 84 5 68 1 13 5 8 2 45
1363 0 1 0 1 86 4 51 1 85
1364 84 0 1 2 181 5 34 1 175
1365 0 -14 0 2 300 5 104 3 260 4 50 0 300 5 30 0 88
1366 86 0 1 3 96
1367 0 -2 0 0 300 4 27 0 77 4 85 0 300 4 12 0 97 5 26 3 152
1368 0 18 0 1 125 5 155
1369 0 2 0 0 53 4 28 2 28 5 17 0 13
1370 0 -14 0 0 116
1371 0 0 0 2 154 4 69 3 180
1372 0 -15 0 3 250 4 57 1 146
1373 96 0 1 1 181 4 11 2 77
1374 0 -9 0 0 300 4 24 0 45 5 58 1 219
1375 91 0 1 3 39
1376 0 13 0 0 139
1377 0 2 0 0 69 5 5 1 57 4 73
1378 0 -10 0 1 258
1379 0 -16 0 0 140 4 33 1 120 5 143 3 300 4 26 3 89
1380 0 7 0 1 91 5 29 1 72
1381 88 0 2 0 131 5 43 1 179
1382 0 0 0 0 67 4 27 0 59 5 25 2 17 5 23
1383 0 3 0 3 88 4 70 0 63 5 72 1 66 4 65
1384 0 -2 0 1 245
1385 0 -7 0 1 110 5 82 2 284 5 125 3 300 4 24 3 48
1386 0 -9 0 2 206
1387 88 0 2 2 145 4 51 2 156
1388 0 -11 0 1 300 4 30 1 46 4 58 3 163 4 117 2 134
1389 94 0 1 1 32 4 71 3 162
1390 0 3 0 2 19 4 33 3 61 4 64 1 71 5 56
1391 96 0 2 0 132
1392 0 19 0 1 171 5 89
1393 0 -9 0 0 300 5 24 0 57 5 32 1 271 5 76 3 300 5 14 3 4
1394 84 0 1 3 153 4 18 1 68
1395 0 -5 0 0 153 4 105 3 225 4 127 3 300 4 28 3 36
1396 0 -15 0 1 265 4 142 1 102
1397 0 13 0 2 176 4 80 2 180
1398 0 5 0 3 58 5 19 1 11 4 60
1399 91 0 1 1 64 5 10 1 95 4 21 3 155
1400 0 -6 0 3 300 5 16 3 37
1401 0 -1 0 3 168
1402 0 -15 0 2 282 4 64 1 300 5 25 1 79
1403 0 10 0 2 26 4 41 3 40 5 22
1404 0 3 0 2 54 4 17 1 98 4 39 2 13
1405 0 18 0 1 85 5 83 2 84
1406 0 0 0 2 31 5 37 2 79 4 41 3 49
1407 89 0 2 2 117 5 71 0 28 5 28 2 114
1408 0 -13 0 3 300 4 12 3 68
1409 0 9 0 2 75 5 72 3 66
1410 97 0 2 0 65 4 14 3 50
1411 90 0 2 1 43 4 30 1 42
1412 0 8 0 3 37 5 60 0 84 5 42 3 56 5 18
1413 0 -17 0 1 300 5 11 1 81
1414 0 0 0 0 53 4 54 0 74 4 22
1415 0 -5 0 1 205
1416 83 0 2 0 188
1417 0 1 0 0 34 5 47 1 36 4 31 1 60 5 23
1418 0 8 0 2 45 5 34 3 54 4 58 3 17 5 63
1419 0 5 0 1 60 4 43 0 89 5 72
1420 84 0 1 3 36 5 12 3 145
1421 0 7 0 2 75 4 41 3 23 5 75 0 86 4 14
1422 0 -7 0 0 139 4 133 2 300 5 15 2 91
1423 0 7 0 3 70 4 33 3 26 5 52
1424 0 -8 0 0 300 4 22 0 71 5 149 3 300 5 28 3 71
1425 0 15 0 1 118 5 52
1426 0 -1 0 2 299
1427 80 0 1 3 187 4 17 2 113
1428 0 -19 0 2 242 5 48 0 195
1429 0 8 0 3 76 5 38 0 44 4 6
1430 0 4 0 2 42 5 41 0 65
1431 0 6 0 1 29 5 38 3 94
1432 0 5 0 3 30 4 27 1 70 5 57
1433 0 7 0 1 37 4 53 3 39 4 55
1434 0 0 0 3 76 4 32 1 25 5 71
1435 0 -12 0 3 300 4 27 3 65
1436 0 18 0 2 70
1437 0 0 0 3 92 5 6 1 56
1438 0 -18 0 3 300 4 27 3 43
1439 0 15 0 1 181 4 113 0 144
1440 0 -18 0 3 189 4 107 1 201 4 67 1 188
1441 94 0 1 2 168 5 56 1 38 4 21 1 92
1442 0 9 0 2 59 5 8 3 42
1443 0 -14 0 1 240 4 91 1 228
1444 0 13 0 0 127
1445 0 1 0 2 87 5 52 1 26 4 23 3 96
1446 0 -18 0 2 239
1447 0 8 0 3 68 4 41 3 56 5 58 3 46 4 9
1448 0 0 0 3 200
1449 0 8 0 0 63 4 32 0 63
1450 0 -14 0 3 185
1451 86 0 1 1 119
1452 0 11 0 3 133 5 50
1453 0 2 0 0 25 5 58 3 48 4 21 2 20
1454 80 0 1 1 144 4 54 2 200 5 72 3 194
1455 0 9 0 1 15 4 22 2 91 4 12 2 60
1456 0 3 0 2 31 5 22 1 22 4 46 3 40 5 59
1457 83 0 2 2 178
1458 0 11 0 3 56 4 130 3 116
1459 0 8 0 0 49 4 9 1 95
1460 0 -6 0 2 154
1461 0 -13 0 0 247
1462 86 0 2 1 183 4 73 0 45 5 50 3 179
1463 0 13 0 0 145 4 114
1464 0 9 0 1 77 4 44 3 16 4 35 2 51
1465 0 -10 0 2 251 5 83 3 111 5 41 1 108
1466 95 0 2 1 109
1467 0 -12 0 1 149 5 46 3 164
1468 95 0 1 2 167
1469 88 0 1 0 21 4 72 2 185
1470 0 11 0 1 122 4 131
1471 0 0 0 1 19 5 45 2 32 4 63
1472 0 -15 0 3 190
1473 0 -12 0 1 300 5 20 1 43 4 97 3 130 5 137 0 181
1474 0 -19 0 2 172 5 31 0 277 5 121 0 147
1475 0 -14 0 3 300 5 13 3 85 5 98 3 141
1476 0 7 0 1 57 4 65 0 50 5 31 1 70
1477 0 -3 0 3 300 4 25 3 77 4 69 0 300 5 10 0 14
1478 90 0 2 0 88 5 10 2 183
1479 0 -12 0 3 144 4 65 2 300 5 17 2 59 4 35 2 133
1480 0 -1 0 3 275 5 103 0 300 4 13 0 76 4 47 1 284
1481 0 -12 0 1 300 4 15 1 63
1482 0 -3 0 3 207 5 95 3 241
1483 0 2 0 0 28 4 62 0 98 5 66 2 53 4 63
1484 0 8 0 2 61 4 30 1 97
1485 0 11 0 1 73 4 104 0 142
1486 86 0 1 3 144
1487 90 0 2 1 72 4 10 2 99
1488 0 -16 0 0 168
1489 96 0 2 1 67
1490 0 -20 0 0 300 4 16 0 54 5 145 0 300 4 24 0 17 4 110 2 156
1491 0 -17 0 2 103
1492 0 -7 0 2 300 5 18 2 30 5 32 3 178 5 81 0 238
1493 88 0 2 0 185 4 14 1 85 4 40 3 171
1494 0 -10 0 2 283 5 21 1 129
1495 0 0 0 0 32 4 55 2 18
1496 80 0 1 0 132 5 27 0 35
1497 0 -2 0 2 136 4 83 3 122
1498 0 -12 0 2 143
1499 94 0 1 1 168
1500 80 0 2 1 116 4 12 1 58 5 36 1 60
1501 0 -6 0 2 219 4 88 1 300 5 26 1 31
1502 0 7 0 1 29 5 70 1 96 5 63
1503 0 17 0 2 140 4 113 3 62
1504 0 3 0 3 90 5 53 3 97
1505 0 -11 0 0 300 5 18 0 87
1506 0 13 0 3 80 4 193 3 143
1507 0 -15 0 0 300 4 10 0 69 5 136 3 291 5 26 2 300 4 20 2 8
1508 0 1 0 1 91 5 60 3 34 5 19 2 44 4 57
1509 0 -1 0 1 300 5 15 1 81 5 27 1 226 4 72 3 300 5 10 3 28
1510 0 -9 0 0 272 5 54 1 296
1511 0 0 0 0 220 5 119 3 178
1512 0 -7 0 0 262 4 90 2 300 5 12 2 35 4 142 1 151
1513 90 0 1 2 38
1514 0 -20 0 0 300 4 27 0 58 5 69 3 170 5 36 0 211
1515 0 5 0 3 33 4 50 1 69
1516 80 0 1 0 190 5 17 3 131
1517 0 -11 0 2 281
1518 95 0 1 1 154
1519 0 6 0 0 24 5 22 0 19
1520 0 -6 0 2 238 4 146 3 300 5 10 3 28 5 58 1 143
1521 0 10 0 2 31 4 52 1 74 5 39 3 35
1522 0 -15 0 2 300 4 12 2 30 5 21 2 203 5 46 2 149
1523 0 3 0 1 10 5 6 3 47 4 27
1524 0 -1 0 3 251
1525 0 -13 0 0 271 4 139 3 131 5 116 1 119
1526 81 0 2 0 34 4 39 1 184 5 56 3 34
1527 0 -17 0 3 275 5 54 0 275 4 121 0 289
1528 0 15 0 2 137
1529 90 0 2 2 161 5 27 1 154 5 36 2 119
1530 0 5 0 0 96 5 66 2 52 4 65 0 15 5 44
1531 0 1 0 0 37 5 24 0 23
1532 0 -5 0 2 104 5 143 3 137 5 116 1 183
1533 0 -14 0 1 265 4 140 1 181
1534 0 8 0 2 72 5 55 0 83 4 48 1 31
1535 0 5 0 2 61 4 69 0 31 4 16
1536 87 0 1 3 184 5 57 2 68
1537 0 4 0 2 32 4 66 0 37 5 24 0 32
1538 95 0 1 2 81
1539 0 18 0 1 109
1540 0 -9 0 0 255
1541 80 0 2 2 55
1542 0 -14 0 2 243 4 40 2 297
1543 0 7 0 1 86 4 63 3 13
1544 0 -10 0 0 237 5 120 2 103
1545 85 0 1 1 20
1546 0 -13 0 3 256 4 39 0 258
1547 0 -8 0 3 276 4 71 1 171
1548 0 -18 0 1 300 5 29 1 73 5 75 2 255 5 70 1 253
1549 89 0 2 1 116 5 29 1 182 5 58 3 137
1550 0 2 0 1 58 5 68 0 74 5 63 0 89 5 22
1551 0 -10 0 2 117
1552 82 0 1 3 127
1553 0 16 0 1 117 5 183 0 132
1554 86 0 1 3 112 5 54 3 65
1555 85 0 1 2 29 4 13 3 138
1556 0 -7 0 3 296 4 131 0 291
1557 0 5 0 0 47 5 32 1 24 4 10
1558 0 -14 0 0 215
1559 0 1 0 2 99 5 30 0 91 5 37
1560 80 0 1 1 120 5 29 0 182
1561 0 15 0 1 126 5 79 1 107
1562 94 0 1 0 170 4 57 3 98 5 71 1 184
1563 0 7 0 0 62 5 30 1 67
1564 85 0 1 0 53 4 29 2 151 4 29 3 149
1565 0 -12 0 0 300 5 12 0 5 4 51 1 264 4 47 3 144
1566 0 -11 0 2 293
1567 0 -17 0 0 300 5 12 0 11
1568 86 0 2 2 127
1569 0 5 0 3 43 5 51 1 90 4 32 1 61
1570 0 16 0 1 129 4 142
1571 86 0 2 1 140 4 27 2 76 5 48 1 92
1572 0 -3 0 1 170
1573 0 5 0 0 52 5 70 1 16
1574 0 7 0 3 57 5 30 3 80
1575 0 8 0 2 14 5 5 1 48
1576 0 -2 0 2 234 5 65 1 300 5 12 1 37
1577 89 0 2 2 91 5 49 0 134
1578 0 4 0 1 86 5 7 2 95 5 21
1579 0 -5 0 3 139 4 42 1 300 4 23 1 25
1580 0 -3 0 2 113
1581 0 2 0 1 74 4 43 2 38 5 61
1582 0 -13 0 1 108
1583 0 -15 0 1 300 5 12 1 20 5 60 2 300 5 17 2 95
1584 0 19 0 1 111
1585 0 -11 0 1 198 4 65 1 231
1586 0 10 0 1 51 4 51 2 72 5 62
1587 0 9 0 1 80 5 63 0 100 4 72
1588 0 6 0 3 31 5 39 0 27 5 24 1 98 4 67
1589 0 -14 0 0 144 5 148 1 117
1590 0 4 0 0 42 5 49 3 54 5 75
1591 0 -17 0 2 103 5 65 1 275 4 121 2 300 5 18 2 23
1592 96 0 2 0 53 4 29 3 42
1593 0 2 0 3 36 5 6 1 59
1594 91 0 1 0 187
1595 0 -7 0 1 300 4 29 1 46
1596 0 6 0 3 83 5 42 2 57 5 58 0 99 4 39
1597 0 -10 0 3 300 4 23 3 64 5 81 1 300 5 23 1 11 4 85 1 114
1598 0 1 0 3 78 5 22 2 86 4 14
1599 0 6 0 0 61 4 21 3 68 5 30 3 50
1600 0 2 0 1 77 4 61 3 11
1601 0 -2 0 1 187
1602 0 -1 0 3 300 4 15 3 17 4 61 3 216 4 42 0 152
1603 94 0 2 1 127 5 11 2 26 4 23 2 112
1604 0 -15 0 1 129 4 109 2 263
1605 0 9 0 1 90 5 59 1 49 4 62
1606 86 0 1 3 68 5 72 2 59
1607 87 0 1 2 24 4 62 3 125
1608 0 -1 0 1 269
1609 0 -18 0 1 208
1610 0 5 0 0 44 5 35 3 90 5 44 2 57
1611 0 -14 0 3 242 5 36 0 161 4 113 2 218
1612 0 5 0 1 70 5 42 2 76 5 34 0 16 5 58
1613 84 0 1 2 92 5 44 1 70 5 11 0 183
1614 0 -1 0 2 253
1615 0 -5 0 2 230 4 72 1 240 4 122 1 114
1616 0 6 0 2 76 4 7 0 71
1617 0 0 0 2 82 5 23 2 42
1618 0 -18 0 1 163 5 65 1 179 5 147 1 183
1619 0 1 0 1 21 5 65 3 15 4 12
1620 95 0 2 0 154
1621 0 3 0 0 27 4 32 1 36 5 72 2 22 5 44
1622 0 16 0 0 131 4 123
1623 0 0 0 0 69 4 35 3 85
1624 0 -7 0 3 252 4 70 2 193 4 104 2 258
1625 0 8 0 2 47 4 44 0 52 5 34 0 68
1626 0 13 0 1 130 5 141
1627 0 -11 0 2 228 4 115 3 300 5 24 3 93 4 84 0 300 5 24 0 37
1628 0 -8 0 3 300 4 21 3 98
1629 88 0 1 1 151 4 68 1 135
1630 0 -4 0 3 230 4 117 1 106 4 127 2 202
1631 0 13 0 3 53 4 101
1632 96 0 1 2 147
1633 0 7 0 0 22 4 51 2 70 4 49 0 89
1634 0 -7 0 1 297
1635 0 10 0 3 173 4 124
1636 0 -9 0 1 244
1637 0 0 0 3 87 5 60 2 92 4 71
1638 0 4 0 2 27 4 54 3 80
1639 95 0 1 1 52 4 62 1 101
1640 94 0 1 3 155 5 15 0 23 5 73 1 198
1641 0 7 0 1 84 5 29 1 29 4 21 1 78 4 71
1642 0 4 0 1 92 4 68 1 17
1643 0 -15 0 1 191 4 86 0 300 5 12 0 18 4 126 0 300 4 22 0 44
1644 85 0 2 1 72 5 46 3 165 5 44 0 155
1645 0 -11 0 3 300 5 22 3 91 4 106 0 300 4 11 0 72
1646 0 -18 0 2 174
1647 82 0 1 0 185
1648 0 11 0 0 58 5 123 2 75
1649 0 -9 0 2 300 4 16 2 73 4 119 1 134 4 81 0 146
1650 91 0 1 2 129
1651 99 0 1 0 149 5 57 1 100 5 48 0 112
1652 0 -15 0 1 148 4 102 3 290
1653 0 -10 0 3 159
1654 0 1 0 2 57 5 8 1 56 4 58
1655 0 12 0 0 60
1656 0 17 0 3 168 4 143 1 62
1657 0 -7 0 0 300 5 13 0 80
1658 81 0 1 3 34
1659 0 16 0 2 54
1660 0 7 0 0 87 5 12 0 45
1661 0 -11 0 1 126 5 89 1 278
1662 0 -17 0 0 112
1663 0 4 0 0 53 4 56 1 80 5 54 2 50
1664 0 6 0 1 21 5 9 3 68
1665 0 -13 0 3 121 5 26 2 300 4 27 2 100
1666 0 -4 0 3 300 4 27 3 77 5 49 0 141 5 63 0 242
1667 0 -16 0 3 300 5 20 3 85
1668 0 10 0 1 86 5 40 0 52 4 66 3 85 4 69
1669 99 0 2 1 127 4 48 2 198 5 66 0 76
1670 0 -18 0 3 300 4 26 3 1 4 136 0 238 5 142 3 300 5 13 3 14
1671 0 -12 0 1 300 4 14 1 64 5 122 1 300 5 26 1 56
1672 96 0 1 1 81
1673 0 -11 0 3 154 4 32 0 142 5 30 2 295
1674 94 0 1 0 99 4 38 3 101 5 21 2 112
1675 91 0 1 2 142
1676 0 0 0 1 300 5 18 1 10
1677 0 4 0 2 61 4 35 0 20 4 57 0 40 4 39
1678 0 2 0 1 94 4 25 1 47 5 55
1679 0 -3 0 0 282 4 139 3 248
1680 97 0 2 2 172
1681 0 8 0 1 16 5 45 2 69 5 9
1682 0 -12 0 1 119
1683 81 0 2 0 50 5 59 2 74 5 75 0 20
1684 0 17 0 3 66 4 84
1685 0 3 0 1 15 4 7 2 42
1686 0 -18 0 2 300 5 27 2 44 4 100 2 166
1687 0 3 0 0 21 4 72 3 69 4 67 1 13 5 61
1688 94 0 1 1 189 5 47 3 128 4 23 2 22
1689 0 9 0 1 16 4 23 1 38 5 27
1690 0 1 0 0 20 4 13 2 73
1691 82 0 2 3 161
1692 0 13 0 2 174 5 86
1693 99 0 2 0 84 4 17 2 148
1694 0 -6 0 0 134
1695 0 -11 0 3 256
1696 0 5 0 3 44 5 31 1 32 5 41 2 10 4 10
1697 87 0 2 1 26 5 40 2 30 4 14 3 150
1698 0 -5 0 1 300 4 17 1 35 5 60 2 233 5 21 1 152
1699 95 0 2 0 32 4 10 3 181 4 11 1 173
1700 88 0 1 0 195 4 62 0 160
1701 0 -18 0 1 300 5 17 1 75 5 65 2 272
1702 0 8 0 3 44 5 64 3 10
1703 81 0 1 2 180 4 74 0 73 5 25 2 37
1704 0 4 0 3 91 4 28 1 15 4 10 1 84
1705 80 0 2 2 86 5 13 1 170 5 65 0 93
1706 0 -8 0 0 233
1707 0 -5 0 2 171 5 108 1 300 4 18 1 99
1708 0 -12 0 2 208 5 120 0 300 4 29 0 43 4 81 0 300 5 22 0 50
1709 0 0 0 0 63 5 45 2 68 5 73 3 76
1710 0 5 0 3 36 4 50 1 18
1711 0 -7 0 0 300 4 23 0 59
1712 98 0 2 2 32
1713 82 0 2 1 177 5 27 1 88 4 33 1 38
1714 0 -3 0 2 133
1715 0 10 0 2 83 4 64 3 29 4 19
1716 87 0 2 1 51 4 74 1 104
1717 0 -10 0 1 300 5 21 1 13 4 113 0 266 4 58 1 300 4 23 1 90
1718 0 -2 0 1 300 4 14 1 27 5 58 0 148
1719 0 -7 0 1 283 5 133 1 300 5 16 1 16 4 144 3 196
1720 0 1 0 3 64 4 65 3 86 5 48 1 24
1721 0 5 0 1 17 5 36 2 81 4 59
1722 0 -8 0 1 300 5 14 1 34 5 137 0 156 4 37 1 247
1723 0 8 0 3 90 4 21 1 95 5 56
1724 0 2 0 0 24 5 74 3 97 5 59 3 17
1725 98 0 1 1 140 4 65 1 70
1726 0 -19 0 2 297 4 105 0 150 4 128 1 263
1727 0 3 0 0 67 5 56 2 85
1728 0 14 0 1 122 5 113
1729 0 1 0 0 38 5 70 2 94 5 15
1730 0 -9 0 2 248 5 97 2 260
1731 0 13 0 0 172 4 80
1732 0 -4 0 2 148 4 125 0 300 4 15 0 14 5 141 1 148
1733 0 5 0 2 21 5 12 2 14 4 42 0 88
1734 0 3 0 1 46 4 64 1 54 4 73 3 67 4 41
1735 0 -9 0 2 300 4 27 2 37 4 63 0 219
1736 0 0 0 1 66 5 22 3 32 5 75 2 36
1737 0 19 0 0 93
1738 0 -16 0 1 178 4 113 0 300 4 23 0 32 5 76 0 159
1739 88 0 2 2 47 4 67 3 136 4 40 0 98
1740 0 -3 0 1 300 5 27 1 94
1741 0 -17 0 1 225 4 56 2 300 4 22 2 38
1742 0 4 0 3 53 5 46 2 71
1743 96 0 2 3 86
1744 0 2 0 0 30 4 72 2 80
1745 0 -10 0 3 300 5 25 3 91
1746 0 6 0 1 58 5 49 2 51 4 72 3 12 5 43
1747 0 -9 0 2 258 5 27 0 124 4 46 2 218
1748 0 1 0 0 78 4 38 3 32
1749 99 0 1 3 45 4 59 0 101 4 33 0 146
1750 0 -6 0 0 237 5 95 2 300 4 28 2 25 4 118 3 132
1751 93 0 2 1 184
1752 0 2 0 0 96 4 30 3 85 4 39 1 15 5 73
1753 0 5 0 0 67 4 15 1 50 5 29 3 29
1754 94 0 2 3 88
1755 0 -6 0 3 274
1756 0 7 0 1 21 4 74 3 62 5 70 3 22 4 72
1757 83 0 2 1 49 4 13 0 76
1758 0 14 0 0 129 5 110
1759 0 11 0 2 186 5 174 2 144
1760 0 -19 0 2 144 4 75 2 145
1761 0 -2 0 0 124 5 28 3 258 4 45 1 191
1762 94 0 1 2 103 4 26 0 41 5 56 3 74
1763 0 5 0 1 58 5 67 0 15
1764 0 -12 0 0 300 5 24 0 68 4 27 2 300 5 19 2 58 4 114 2 228
1765 91 0 1 2 137 5 42 3 125 4 40 3 171
1766 0 -8 0 3 102 4 80 3 293
1767 0 3 0 0 68 5 62 3 50 4 49
1768 0 0 0 2 269
1769 84 0 2 1 176 4 39 3 24
1770 0 12 0 0 194 5 65 2 85
1771 92 0 1 1 170 4 50 2 191 5 47 0 75
1772 0 5 0 2 18 5 71 0 59 4 14
1773 0 -5 0 2 300 5 29 2 58 4 69 2 300 5 29 2 73
1774 0 9 0 3 77 5 33 2 24
1775 0 7 0 0 93 5 19 2 13 4 6
1776 0 -1 0 2 300 5 24 2 30 4 38 2 289
1777 87 0 2 1 23
1778 0 -11 0 0 101 4 30 3 122
1779 0 1 0 2 58 5 23 3 18 5 73
1780 0 -6 0 0 297 4 109 3 300 4 30 3 81 5 97 0 300 4 28 0 70
1781 0 -5 0 0 102 5 86 3 300 5 16 3 5 4 46 2 201
1782 96 0 2 3 103 5 30 0 86 5 75 2 98
1783 0 4 0 1 31 5 59 3 89 4 35 1 38
1784 0 4 0 1 77 5 40 2 42
1785 0 -11 0 2 163 5 112 2 300 4 21 2 64 5 84 1 116
1786 0 -15 0 2 300 5 27 2 54
1787 0 9 0 0 85 5 62 3 43
1788 0 -6 0 1 220 5 93 3 300 5 24 3 28 4 63 1 159
1789 0 -13 0 3 292 5 150 2 300 4 28 2 97 4 138 3 174
1790 0 19 0 2 70 4 187
1791 94 0 1 1 170
1792 0 -1 0 3 300 5 27 3 21 5 147 3 185
1793 0 12 0 0 63
1794 0 18 0 3 128 5 98
1795 0 -15 0 0 300 5 21 0 48
1796 0 18 0 2 56 5 127
1797 0 1 0 1 29 4 49 1 99 4 10 2 96
1798 86 0 1 1 70
1799 0 4 0 2 84 5 62 2 12 4 41
1800 0 -1 0 0 300 4 26 0 58
1801 0 -15 0 0 251 4 139 1 248 5 124 0 226
1802 0 -13 0 3 163 4 93 2 141
1803 0 18 0 1 83 5 62 2 76
1804 0 -15 0 2 233
1805 0 10 0 3 96 4 15 2 99 4 56 0 45
1806 99 0 1 0 174 5 42 1 131
1807 94 0 2 0 42 4 67 2 132
1808 81 0 2 1 167 5 69 3 68 4 47 2 25
1809 0 17 0 1 63 4 118 0 141
1810 0 -7 0 2 194
1811 0 -8 0 0 300 5 19 0 30
1812 0 2 0 0 10 5 31 1 77
1813 0 2 0 1 38 5 55 0 88
1814 0 -1 0 3 300 5 28 3 87
1815 91 0 2 3 57 5 64 2 169
1816 0 -4 0 3 300 4 23 3 33
1817 0 9 0 0 25 4 28 0 77 4 57 2 91 5 40
1818 0 7 0 1 43 5 5 1 54 4 68 3 75
1819 0 -9 0 0 176 5 150 1 236
1820 0 13 0 0 198 4 113 0 63
1821 0 -1 0 1 300 4 15 1 93 4 90 1 141
1822 88 0 2 3 161 4 23 0 85 5 23 2 199
1823 0 4 0 0 89 4 58 0 96 5 44 1 58 4 22
1824 0 2 0 3 15 5 54 0 97 4 63 3 20 5 31
1825 0 -10 0 0 300 4 30 0 63 4 83 0 238 4 51 1 228
1826 0 8 0 1 76 5 30 1 34 4 5 1 24 5 25
1827 0 0 0 2 84 4 29 3 42 5 63 0 51
1828 0 16 0 1 59 5 110 1 184
1829 0 -17 0 2 182
1830 97 0 1 0 141 4 70 1 130
1831 0 1 0 0 57 4 8 2 59
1832 0 -9 0 0 300 5 14 0 52 5 113 2 300 4 15 2 61
1833 0 0 0 3 258 4 58 0 145 5 147 0 255
1834 0 -10 0 3 172 5 73 1 300 4 26 1 38
1835 0 -20 0 2 179
1836 0 6 0 1 69 4 45 3 45 5 29
1837 90 0 1 2 134
1838 0 7 0 1 46 4 55 2 80
1839 0 8 0 0 23 4 5 0 19 4 61 1 75
1840 88 0 1 3 141
1841 0 -11 0 3 212
1842 0 11 0 3 165 4 123 2 100
1843 0 9 0 2 93 5 73 3 70 5 34 3 20
1844 95 0 2 1 91 4 18 3 70 4 31 3 68
1845 82 0 1 3 54 4 29 0 134
1846 0 7 0 1 96 5 49 0 21
1847 0 -14 0 2 300 5 26 2 46 4 56 0 300 5 23 0 36 5 65 0 247
1848 91 0 2 0 93 5 30 0 69
1849 92 0 2 1 47
1850 0 16 0 3 197 5 101 3 128
1851 91 0 2 1 102
1852 0 0 0 3 83 4 9 2 20 5 29 2 46
1853 0 8 0 3 19 4 42 0 100
1854 0 -8 0 0 300 5 18 0 17
1855 0 -2 0 0 300 5 14 0 22
1856 0 -5 0 0 242 5 109 1 237 5 67 0 154
1857 0 6 0 1 35 4 54 0 99 5 64 2 77 4 65
1858 98 0 2 0 62 4 67 2 106 5 69 3 34
1859 0 -5 0 3 112 5 87 0 300 4 24 0 69 4 89 2 300 4 14 2 70
1860 99 0 2 0 59
1861 98 0 1 1 129
1862 0 16 0 3 128 5 140
1863 0 0 0 0 213
1864 0 9 0 0 32 5 62 3 24 4 25 1 64 4 41
1865 0 -7 0 1 152 4 130 0 258 4 137 0 127
1866 0 -20 0 0 133 5 33 3 189
1867 0 -1 0 1 191
1868 0 6 0 2 62 4 10 0 70
1869 0 -4 0 2 300 5 30 2 90
1870 0 11 0 2 128 4 129
1871 80 0 1 2 91
1872 0 16 0 1 127 4 151 1 83
1873 0 -19 0 2 300 5 28 2 36 4 45 0 133
1874 0 2 0 2 24 5 37 3 83 5 12 1 94
1875 0 -13 0 1 178 4 98 2 300 5 22 2 35 5 141 0 141
1876 0 -6 0 2 300 4 27 2 89 5 87 1 171
1877 0 -7 0 0 300 4 20 0 4
1878 0 -1 0 3 138 5 45 3 265 4 22 3 181
1879 0 -18 0 3 300 4 28 3 80 4 91 3 296 4 31 3 142
1880 0 7 0 2 56 5 9 3 66
1881 0 2 0 0 18 4 50 1 80 5 55 2 88 5 66
1882 0 7 0 2 33 5 14 0 89 4 10
1883 0 -6 0 0 300 5 25 0 13 4 140 0 300 5 30 0 95
1884 0 1 0 2 48 5 56 0 10 5 36
1885 0 14 0 0 59 4 54
1886 0 -7 0 1 300 4 23 1 90 4 128 0 300 5 17 0 82
1887 0 -20 0 3 300 4 28 3 91 5 87 0 264 5 46 0 130
1888 0 -4 0 3 300 4 21 3 33 5 114 3 219 5 150 3 300 4 21 3 60
1889 0 2 0 1 89 4 58 1 59 5 73 3 47
1890 89 0 2 1 41
1891 82 0 2 3 38
1892 87 0 1 0 159 5 72 0 37
1893 0 -19 0 3 188 5 149 3 224
1894 0 1 0 3 12 5 67 1 93
1895 0 8 0 1 29 5 28 1 84 4 21 3 44 5 11
1896 0 -5 0 1 300 4 29 1 57 5 141 1 268
1897 0 -20 0 2 114
1898 0 10 0 3 186
1899 96 0 1 2 113
1900 0 -20 0 1 300 5 18 1 65
1901 0 9 0 2 56 4 67 1 62 4 29 0 19
1902 89 0 1 1 177
1903 85 0 1 3 127 5 39 0 198 4 11 3 189
1904 0 -14 0 3 192 4 65 0 103 4 55 1 237
1905 0 4 0 1 35 5 61 1 10 5 35
1906 0 -15 0 3 300 5 21 3 39 5 86 3 300 4 17 3 49
1907 96 0 2 2 189 5 70 0 144
1908 0 2 0 0 17 4 51 1 97 5 46
1909 0 -19 0 2 300 4 26 2 22
1910 0 -19 0 0 158 5 75 0 130 4 73 1 235
1911 0 -3 0 0 291 5 80 3 300 4 13 3 16
1912 0 -18 0 2 212 4 97 1 300 5 12 1 77
1913 0 -12 0 0 184 4 49 0 300 4 17 0 33
1914 0 -1 0 2 300 4 14 2 88 4 40 0 300 5 23 0 27
1915 0 -2 0 2 291
1916 0 6 0 1 81 5 7 1 43
1917 93 0 2 3 134 5 50 0 121 5 17 0 44
1918 0 10 0 1 27 4 23 2 76
1919 0 7 0 0 37 4 26 3 88
1920 0 18 0 0 170 5 93
1921 0 16 0 2 153 5 86
1922 87 0 1 2 101 5 46 2 152 5 13 1 115
1923 0 -3 0 2 300 5 20 2 77 4 45 0 233
1924 86 0 1 1 110 4 36 1 192
1925 0 -11 0 0 146 5 116 0 300 5 23 0 8 5 112 0 285
1926 0 -18 0 1 300 4 27 1 21 4 39 0 121
1927 0 -9 0 1 112 4 82 2 300 5 10 2 70 4 141 3 170
1928 0 -4 0 2 300 4 22 2 22
1929 90 0 2 0 125 4 23 2 31
1930 0 16 0 3 160 5 118 2 133
1931 95 0 2 2 160
1932 0 -1 0 3 138 5 117 1 103 4 113 3 100
1933 0 14 0 1 54 4 124
1934 0 9 0 3 24 4 55 2 86 4 51 0 12 5 53
1935 94 0 1 2 126
1936 0 -6 0 3 267
1937 0 6 0 0 26 5 70 2 99 4 64 3 40
1938 0 -7 0 0 210
1939 0 3 0 3 81 4 10 3 12
1940 0 -18 0 2 186 4 109 0 163
1941 97 0 1 0 68 5 75 3 49 5 13 3 23
1942 0 2 0 2 39 5 23 2 59 4 68
1943 0 -5 0 0 300 4 19 0 86
1944 0 5 0 0 36 4 57 3 46
1945 0 0 0 2 58 5 47 2 30 4 47 0 78 4 42
1946 0 -11 0 3 247
1947 0 -6 0 1 300 4 17 1 92 4 135 1 300 4 26 1 13
1948 0 10 0 2 44 4 15 3 19 5 68 0 52
1949 0 14 0 1 122 4 132 3 152
1950 0 -15 0 1 300 4 15 1 50
1951 0 10 0 0 139 5 52
1952 81 0 2 0 47
1953 0 -20 0 0 300 4 27 0 17 4 111 1 233 5 103 2 133
1954 0 17 0 3 144 4 163
1955 0 5 0 1 65 4 49 3 89 5 70
1956 0 8 0 2 88 5 35 3 24
1957 0 -11 0 3 300 5 17 3 44
1958 0 -1 0 1 300 5 29 1 66
1959 0 7 0 2 35 5 48 3 48 5 23
1960 0 9 0 0 11 4 29 3 91 4 28
1961 0 8 0 2 57 5 28 2 100 4 73
1962 86 0 1 0 166
1963 0 8 0 2 61 4 49 0 98
1964 81 0 2 2 72 4 58 0 196 5 34 0 191
1965 0 -7 0 3 300 4 29 3 62 4 78 2 252
1966 0 -9 0 3 173 5 142 1 273
1967 0 -20 0 1 300 5 19 1 32 5 37 2 300 5 29 2 59 5 105 1 134
1968 0 -1 0 0 300 4 16 0 55 4 107 3 136
1969 0 3 0 1 66 4 29 2 90 4 65 2 70 4 5
1970 0 14 0 1 162 5 88
1971 0 -9 0 0 300 5 19 0 35
1972 0 5 0 0 69 5 39 1 80
1973 0 -15 0 3 300 5 28 3 9
1974 98 0 2 3 78 5 51 3 102
1975 0 8 0 1 17 5 53 2 73
1976 81 0 1 1 137 5 34 3 71 4 25 3 168
1977 0 0 0 3 89 4 46 2 72
1978 0 -4 0 2 254
1979 88 0 1 3 108 4 48 2 127 4 59 0 83
1980 0 -3 0 1 182 4 47 3 256
1981 0 -1 0 0 263
1982 0 6 0 1 82 4 14 0 16 5 46
1983 0 -12 0 2 289 5 61 1 300 4 29 1 78
1984 0 0 0 1 35 4 12 1 12
1985 0 -10 0 3 133
1986 0 -19 0 2 251 4 29 3 300 5 19 3 92
1987 0 6 0 1 86 5 9 1 75 4 25 0 69
1988 0 -3 0 1 183 5 131 0 246 4 41 0 197
1989 0 -6 0 3 300 4 24 3 2 5 137 3 300 5 14 3 33
1990 0 5 0 1 11 4 25 3 36
1991 84 0 1 1 173
1992 0 -19 0 0 300 5 26 0 58 5 85 3 209
1993 0 19 0 3 164
1994 0 -12 0 0 110 4 99 1 300 4 20 1 81 5 57 3 133
1995 0 -20 0 2 300 5 11 2 81 5 27 2 300 5 28 2 89 5 90 1 160
1996 0 -12 0 2 129 4 56 3 214
1997 0 19 0 2 64 4 139 3 77
1998 0 -13 0 1 188
1999 0 19 0 1 154 4 50
2000 95 0 1 1 199 5 10 3 174
2001 0 10 0 2 100 4 39 3 63 5 56 3 75 4 23
2002 0 12 0 1 106 5 74
2003 0 -17 0 3 125 4 149 1 280
2004 0 0 0 0 285 4 30 1 300 4 27 1 13 4 23 2 219
2005 0 7 0 1 23 4 67 0 41 4 42
2006 0 -14 0 2 300 5 14 2 13 5 81 2 130 4 94 3 107
2007 0 11 0 2 88 4 76
2008 91 0 1 1 52 4 51 2 183 5 30 0 188
2009 0 -17 0 1 239 4 123 3 240 5 45 1 158
2010 0 3 0 1 28 5 26 2 18 4 6 2 15
2011 0 0 0 3 64 4 65 3 94 4 61
2012 0 -20 0 3 300 4 25 3 6 4 84 0 132
2013 0 -9 0 1 181 4 84 3 300 5 29 3 91 4 137 0 194
2014 96 0 2 0 50 4 70 0 87
2015 0 0 0 3 92 5 42 2 98 4 64 2 84
2016 0 -10 0 2 232
2017 0 3 0 2 71 4 38 1 20
2018 0 -1 0 2 163
2019 96 0 2 3 75
2020 97 0 2 0 96
2021 0 -6 0 3 300 4 30 3 17
2022 0 -3 0 3 146
2023 0 -11 0 0 300 5 16 0 39 5 125 0 230
2024 0 18 0 1 89 5 175
2025 0 6 0 3 31 5 71 1 42
2026 82 0 1 3 26 4 41 1 163 5 43 1 197
2027 0 -13 0 0 300 4 20 0 27 4 83 3 219
2028 98 0 2 3 97
2029 0 6 0 1 46 5 59 2 24 5 43
2030 0 -11 0 3 268 4 147 2 289 5 100 2 300 5 15 2 45
2031 0 -15 0 0 182 4 24 0 300 5 18 0 80
2032 0 4 0 0 47 5 34 1 18 5 29 0 48 4 63
2033 0 9 0 0 78 5 36 0 27
2034 0 -1 0 1 161
2035 0 2 0 3 42 4 19 2 62 4 70 1 49
2036 0 -6 0 3 201 5 51 2 300 4 16 2 10 5 120 0 255
2037 88 0 2 3 137 5 48 3 155 4 29 2 155
2038 83 0 1 0 195
2039 0 0 0 0 201
2040 0 9 0 2 82 4 69 0 72 4 16
2041 0 2 0 0 54 4 75 2 50 4 66 3 35
2042 0 7 0 2 49 4 52 1 61 4 72 0 58
2043 0 0 0 2 300 4 14 2 21
2044 0 -2 0 0 124 4 65 3 259
2045 83 0 2 0 47 4 33 3 55
2046 87 0 2 0 63
2047 0 -2 0 0 300 4 21 0 92 4 43 1 254