0 0 -6 0 2 272 4 134 3 247
1 83 0 1 0 105 4 10 2 93 5 23 1 99
2 0 6 0 2 88 4 72 0 79
3 0 4 0 0 80 5 26 0 66 5 32 3 21 5 27
4 82 0 2 3 163 5 49 1 44 4 25 0 21
5 0 19 0 2 52 5 177
6 0 -5 0 3 300 5 20 3 4 5 149 0 127
7 89 0 2 3 58 5 72 3 23 5 72 2 152
8 0 2 0 2 20 5 39 2 64 4 61
9 0 1 0 0 53 4 54 1 88 4 18 2 69 5 74
10 0 6 0 0 35 5 23 1 64
11 0 5 0 0 93 5 65 2 18 5 12 2 97
12 84 0 1 0 43 4 72 2 69 5 73 0 198
13 0 5 0 3 41 5 32 0 44 5 37
14 0 4 0 1 28 4 6 1 91 4 66 3 74 5 13
15 0 5 0 2 35 5 68 3 78
16 81 0 2 1 183 5 46 3 106 5 51 1 64
17 98 0 2 2 53 4 64 3 114
18 83 0 2 0 174 5 27 2 200
19 95 0 2 2 115 4 75 3 22 4 73 1 78
20 0 -2 0 3 300 5 30 3 84 4 90 0 256
21 0 1 0 0 12 5 62 3 63 4 44 3 32 4 28
22 0 -8 0 2 118
23 0 -1 0 3 172 4 57 1 102 4 128 3 300 4 28 3 72
24 0 -15 0 3 149 5 24 2 238
25 0 1 0 2 21 5 21 0 93 4 34
26 86 0 2 0 50 4 74 0 127 5 61 1 25
27 0 -18 0 1 239 4 132 2 224 4 111 1 257
28 0 9 0 2 28 5 52 2 64 4 52 3 88 4 24
29 0 -13 0 3 284 5 46 0 278 4 68 2 224
30 0 3 0 0 57 4 42 0 69 4 33
31 0 -17 0 3 237
32 88 0 2 3 38
33 0 -9 0 2 300 4 15 2 100 4 59 1 295 5 25 2 246
34 0 19 0 3 109 5 51 0 97
35 0 2 0 1 63 5 8 3 89 5 57 3 17 5 58
36 0 -8 0 1 282 4 145 1 282 5 130 2 142
37 0 1 0 1 85 5 36 3 66
38 96 0 1 1 200
39 0 1 0 1 72 5 55 1 54
40 0 7 0 0 36 4 73 2 66 4 36
41 0 -11 0 2 258 4 142 1 300 5 14 1 12 5 23 3 268
42 0 -6 0 3 297 5 94 0 126
43 0 2 0 0 35 5 19 1 61 5 40 3 18 5 34
44 0 1 0 2 95 5 56 1 36 5 46
45 0 3 0 2 77 5 10 0 67
46 93 0 1 2 133 5 50 2 43 4 74 0 165
47 0 0 0 0 231 5 43 1 219 5 55 1 194
48 0 3 0 3 43 4 70 3 79 4 37
49 0 -13 0 0 227 4 71 2 117 4 129 2 143
50 0 8 0 3 27 4 50 1 61
51 0 -8 0 0 300 5 11 0 34 5 92 2 156
52 0 -17 0 3 295 4 53 1 226
53 0 1 0 2 41 4 75 3 87 4 38 3 45 4 27
54 0 -18 0 1 147 4 75 1 189
55 0 -11 0 3 108 4 116 1 300 5 25 1 20 5 69 0 235
56 0 0 0 1 262 5 43 3 300 4 23 3 72 5 130 0 126
57 0 4 0 3 36 5 18 0 49 4 68
58 82 0 2 2 66
59 0 15 0 0 74
60 0 16 0 1 143
61 96 0 2 3 22
62 0 7 0 1 28 4 5 3 88 4 50 1 84 5 46
63 0 8 0 3 35 4 28 2 21 4 30
64 0 15 0 2 157 4 76 1 107
65 0 -12 0 1 231 5 133 3 300 4 13 3 18
66 0 -10 0 0 209
67 0 19 0 2 185 5 180
68 0 3 0 0 47 4 43 3 30 4 72 1 85
69 96 0 1 3 43 4 22 1 38
70 0 -17 0 0 300 4 11 0 75 5 87 1 178
71 0 8 0 2 54 5 56 2 100 5 36 1 72
72 0 -10 0 1 300 4 22 1 75 5 108 0 279
73 0 3 0 3 40 4 69 2 16 5 49 2 78 5 28
74 81 0 2 2 50
75 0 -4 0 0 204
76 0 -1 0 3 121 5 115 3 269
77 0 -3 0 2 245
78 0 -18 0 1 121 5 102 3 287
79 92 0 1 3 32 5 63 2 112 4 69 0 150
80 0 -17 0 3 282 4 131 1 300 4 11 1 45 4 79 2 285
81 0 9 0 3 27 4 8 3 41 5 73 1 68
82 95 0 1 3 101 5 60 1 148
83 0 -9 0 3 139
84 80 0 2 3 196 4 13 1 70 4 55 0 127
85 81 0 1 1 91
86 0 -16 0 3 290
87 97 0 1 3 193
88 0 4 0 1 58 5 42 2 38 4 52 1 52
89 0 17 0 1 83 5 93
90 0 -17 0 3 263
91 0 -15 0 1 125
92 89 0 1 0 73 4 61 1 105
93 0 1 0 2 30 5 11 1 30 5 58 1 27 4 5
94 0 4 0 2 94 5 57 3 20 4 51
95 0 -18 0 3 248 5 108 3 296
96 82 0 2 1 139 5 34 0 25
97 0 -17 0 3 300 4 17 3 44 4 44 3 300 4 10 3 49 4 29 2 259
98 86 0 2 1 80
99 0 4 0 1 25 4 32 1 80 5 49 2 18 5 32
100 87 0 2 0 102 4 29 3 177 5 21 1 64
101 92 0 1 0 30 4 50 1 85
102 0 6 0 0 54 4 71 3 36
103 0 -10 0 1 300 5 13 1 46 4 44 3 281
104 0 -20 0 0 257 4 105 1 300 4 18 1 85 5 53 2 300 5 29 2 43
105 91 0 2 1 49
106 0 -5 0 0 128 4 122 2 111
107 88 0 1 1 63
108 96 0 2 2 82
109 0 1 0 1 39 4 73 0 77 5 56
110 99 0 1 1 61
111 95 0 1 3 149 4 13 2 147 5 30 0 47
112 93 0 2 3 176
113 0 18 0 3 65 5 53 2 72
114 0 -6 0 0 300 5 13 0 46
115 0 -16 0 2 175 4 25 1 291
116 0 13 0 0 82
117 0 -17 0 2 300 4 64 1 300 4 25 1 63 4 81 3 300 4 29 3 54
118 0 -6 0 1 178 4 143 1 245 4 133 3 262
119 0 -8 0 2 160
120 0 -2 0 0 243 4 63 2 300 4 10 2 95 5 125 0 300 4 17 0 14
121 0 10 0 2 55
122 0 2 0 3 64 4 60 1 47
123 0 -10 0 3 154
124 0 18 0 2 170 5 76 1 77
125 0 -12 0 2 300 5 26 2 42
126 91 0 1 1 101 4 61 0 59
127 0 0 0 2 60 4 70 3 31 5 21
128 0 -11 0 1 300 4 14 1 30 5 106 1 212 5 138 0 209
129 89 0 1 0 179 4 65 1 177
130 0 -16 0 0 254
131 80 0 1 0 200
132 0 17 0 2 129
133 0 6 0 0 19 5 23 1 97 4 7 2 30 5 30
134 85 0 1 2 172 4 22 0 180
135 0 5 0 1 75 5 50 0 60 4 40 0 80
136 0 -8 0 0 251 5 148 2 225
137 0 7 0 0 86 4 28 1 34 5 41
138 0 -11 0 0 175
139 0 -3 0 2 175 4 106 0 300 4 21 0 59
140 0 -14 0 2 300 5 20 2 66
141 0 6 0 2 98 4 46 0 32 4 69
142 0 -20 0 3 172
143 0 -20 0 0 165 4 101 0 300 5 11 0 99 4 123 2 280
144 0 10 0 1 47 4 33 2 81 4 54 1 90
145 0 -12 0 1 300 4 24 1 44
146 0 6 0 3 53 5 58 2 82 5 14 0 30
147 0 12 0 1 165 4 195 1 101
148 0 -12 0 2 262 5 20 1 168
149 87 0 1 0 147
150 99 0 2 0 129 4 43 1 22 5 34 0 56
151 0 10 0 1 89 5 131
152 0 1 0 2 100 5 42 1 62 4 62
153 0 -20 0 0 171 4 76 3 131
154 82 0 2 0 69 5 21 3 139
155 0 11 0 1 143 5 76
156 0 -12 0 2 119 4 104 1 134 5 79 3 166
157 0 2 0 1 63 5 35 3 44 5 50 1 53 5 39
158 0 -4 0 3 300 4 21 3 66 5 24 1 275 4 21 3 290
159 0 -14 0 2 300 5 16 2 87 5 31 0 300 5 16 0 37
160 0 3 0 0 67 5 9 2 90 5 60 0 91 5 16
161 0 -15 0 1 300 5 10 1 3
162 89 0 1 1 104 4 16 2 190 5 37 1 49
163 0 3 0 1 25 5 56 0 29 4 5
164 0 -4 0 2 254 4 129 2 157 5 55 2 277
165 0 -19 0 3 216 4 20 3 300 4 18 3 57 5 83 1 246
166 0 7 0 2 15 4 62 3 58
167 86 0 2 0 192 4 27 0 117
168 0 -3 0 3 300 4 26 3 14
169 0 7 0 1 63 5 28 1 99 5 58
170 0 0 0 1 37 4 49 0 94
171 0 -18 0 1 300 4 17 1 88
172 0 0 0 2 246
173 0 -14 0 1 111 5 49 3 181 5 132 0 258
174 95 0 1 1 158 4 57 3 57
175 0 8 0 2 59 5 13 0 46 4 22 0 27
176 0 6 0 2 16 4 66 0 83
177 93 0 1 1 93 5 15 2 36 5 61 0 137
178 0 7 0 2 78 5 65 2 89 5 23 1 16
179 95 0 2 0 159
180 0 14 0 1 112
181 0 0 0 2 136
182 81 0 2 1 185 4 30 1 78 5 29 1 20
183 97 0 1 1 24
184 0 10 0 1 30 5 23 3 37 4 9 0 59
185 0 -1 0 1 300 4 25 1 83 5 56 2 226 4 49 1 157
186 0 10 0 0 62 5 58 0 51
187 0 -3 0 2 300 5 21 2 47 4 54 3 300 4 30 3 10
188 0 -3 0 1 278 5 60 3 300 5 20 3 17
189 0 -19 0 3 293 4 139 0 235 5 50 0 283
190 0 10 0 2 91 5 73 3 67 4 57 3 96
191 0 19 0 3 69
192 81 0 1 3 60 5 62 0 151 4 52 3 136
193 0 4 0 1 92 4 53 1 40
194 0 -15 0 2 300 5 23 2 75 5 79 2 144
195 0 -16 0 0 233
196 0 -15 0 1 183 4 103 0 124 5 76 3 192
197 0 -15 0 1 296 5 70 1 271 4 88 1 172
198 0 -19 0 1 110 4 145 3 238 5 131 1 300 5 12 1 28
199 89 0 1 2 100 4 12 3 35 5 64 1 69
200 0 6 0 1 74 5 51 1 29 5 48
201 0 12 0 2 103 4 125 2 58
202 0 3 0 2 52 5 75 0 74 5 38 2 96 4 7
203 96 0 1 3 49
204 0 6 0 3 22 4 46 1 58 5 57
205 0 4 0 0 66 5 33 1 57 4 46 3 76 4 44
206 0 -19 0 3 204 5 74 2 170 4 65 3 300 4 24 3 95
207 0 -19 0 1 254 5 126 3 300 4 14 3 38
208 0 0 0 0 12 5 26 3 20 5 30 1 66
209 85 0 2 3 47 5 15 1 106
210 0 17 0 1 168 5 144 2 104
211 0 -15 0 0 291 5 54 3 244
212 99 0 2 3 25 5 66 3 159 5 36 2 157
213 0 8 0 0 58 4 52 1 37 4 54 1 30
214 0 -17 0 3 120 5 106 3 170
215 0 3 0 3 35 4 25 1 35 4 46 3 67 4 44
216 0 -16 0 2 110
217 0 7 0 3 81 5 66 0 53 4 60 0 71
218 0 3 0 0 66 4 57 1 39 5 9 1 51 5 42
219 89 0 2 2 50 5 36 3 25
220 0 -5 0 3 186 5 45 0 300 5 28 0 40 5 115 2 300 5 21 2 4
221 95 0 1 1 45 4 14 0 25 4 28 1 102
222 0 10 0 0 56 5 176 0 91
223 93 0 1 2 141 4 48 3 135 4 62 0 29
224 90 0 1 2 22 4 63 0 96
225 90 0 1 0 104 5 48 0 148
226 0 -11 0 1 232
227 0 -2 0 3 261
228 0 4 0 1 82 4 61 1 46 4 71
229 0 11 0 1 181
230 0 -14 0 1 300 4 18 1 65 4 103 1 300 4 20 1 24 5 112 1 300 4 23 1 46
231 0 1 0 1 44 5 44 0 81 5 52 0 15
232 0 -4 0 0 300 4 18 0 36 5 146 0 106
233 0 3 0 1 42 5 75 3 34 5 32 0 87 4 37
234 0 -13 0 1 300 4 20 1 28
235 0 3 0 2 70 4 25 0 88
236 0 -10 0 3 157 5 123 2 212 4 20 3 180
237 0 -9 0 2 246 4 132 3 292
238 81 0 1 2 70
239 0 1 0 0 35 5 7 0 96 4 24
240 0 2 0 3 61 5 66 2 20
241 0 -13 0 2 100 4 82 0 300 5 26 0 46 4 141 1 300 5 21 1 93
242 0 9 0 3 37 5 43 1 81 4 5
243 0 5 0 0 22 4 58 1 10
244 0 -2 0 2 222
245 0 6 0 0 31 4 8 0 10 4 35 3 39 4 47
246 95 0 2 0 56 5 31 3 40
247 83 0 1 2 88
248 0 -11 0 2 300 4 14 2 6 5 20 3 207 4 118 3 176
249 0 10 0 0 133 5 150 2 100
250 0 16 0 3 130
251 0 8 0 0 51 5 21 0 15 5 20 0 57
252 96 0 1 3 156 5 43 0 164 5 22 3 174
253 0 -5 0 1 300 4 25 1 9 4 134 1 121
254 0 0 0 3 92 4 37 3 31 4 53
255 0 -2 0 3 168 5 60 2 112 4 21 3 184
256 0 6 0 3 17 5 75 1 72 5 57 0 72 5 48
257 0 10 0 1 90 4 72 2 60
258 0 10 0 0 10 5 16 0 44
259 88 0 2 0 170 4 11 2 104
260 0 4 0 0 64 4 53 3 95 5 49
261 0 -2 0 3 169
262 0 -3 0 1 101 5 82 0 300 5 26 0 55
263 0 -2 0 1 300 5 12 1 30 4 63 3 247 5 30 1 165
264 89 0 2 0 73
265 0 -13 0 0 300 5 20 0 77 4 34 2 274 4 66 2 173
266 0 -5 0 0 162
267 0 -9 0 2 297
268 0 -4 0 3 115 5 150 0 132 5 56 2 245
269 0 -7 0 1 105
270 0 13 0 2 153
271 0 -4 0 0 272 5 142 3 300 5 12 3 50 5 109 0 123
272 0 -18 0 2 164
273 0 -10 0 0 300 4 16 0 72 5 36 2 191
274 0 -20 0 0 300 5 25 0 67 5 30 3 187
275 0 -15 0 2 146 4 133 1 110 5 111 1 300 5 15 1 57
276 0 -1 0 2 300 4 12 2 76 5 109 2 300 5 21 2 87 4 77 3 250
277 0 4 0 2 28 4 18 0 54 4 12 2 40
278 0 11 0 3 187 5 86 0 51
279 0 3 0 1 84 5 70 0 98
280 0 1 0 0 95 4 65 3 50 5 60 2 85
281 0 -15 0 0 140
282 0 6 0 0 95 5 37 2 62
283 0 -13 0 0 142 4 107 3 235 5 147 1 288
284 0 -10 0 2 282
285 0 9 0 0 78 5 68 3 42 4 7 0 23
286 0 -11 0 0 300 4 13 0 93 4 59 3 167
287 85 0 2 0 30 5 28 0 66 4 57 0 38
288 83 0 1 2 125 4 61 2 59 5 16 1 67
289 0 16 0 3 188 5 78
290 0 -5 0 1 300 5 26 1 95
291 0 10 0 2 75 4 42 1 98 5 23
292 92 0 1 3 188 5 28 3 172 5 27 2 165
293 0 10 0 0 28 5 57 0 52 4 14 3 99 5 53
294 80 0 1 2 137
295 87 0 1 3 74 5 48 1 171 5 58 1 166
296 0 3 0 3 18 4 22 2 19 4 30 3 49 4 16
297 0 7 0 0 35 5 68 3 28 5 70
298 0 1 0 2 63 4 18 3 77 4 74 0 44 4 68
299 90 0 1 2 30 4 55 2 170
300 0 -16 0 3 300 5 10 3 7
301 0 -14 0 0 211 4 56 3 118
302 0 -20 0 0 300 5 21 0 29
303 0 -7 0 3 143
304 0 7 0 1 20 5 53 1 80 5 10 3 38 4 35
305 88 0 2 3 38 5 33 3 130 5 74 0 101
306 0 0 0 0 300 5 26 0 56
307 0 9 0 3 98 5 46 1 16 5 17 1 22
308 0 9 0 0 21 5 67 3 26
309 0 -4 0 3 220 4 30 1 300 4 24 1 44
310 0 6 0 1 44 4 13 2 81 5 67 2 95
311 87 0 2 3 141 4 69 2 83 4 37 1 32
312 0 9 0 3 15 5 58 0 24 5 38 1 60 4 49
313 0 6 0 1 32 5 31 0 57 4 44
314 0 6 0 0 92 4 62 2 61 4 18 0 53 4 42
315 0 -18 0 1 221 5 120 2 108 5 78 2 106
316 0 -2 0 1 164
317 95 0 1 1 154 4 74 0 170 4 30 3 68
318 83 0 2 0 118
319 0 4 0 3 21 4 45 1 82 5 21 3 71
320 0 15 0 1 93 5 180 2 102
321 0 -9 0 2 300 5 14 2 57 5 120 0 204
322 0 -14 0 2 237 4 112 2 251 5 88 3 213
323 0 -12 0 3 300 5 30 3 88
324 0 10 0 0 33 4 24 2 11 5 38 3 49 4 51
325 0 -19 0 0 300 5 27 0 53
326 0 -19 0 2 110
327 0 -17 0 1 156 4 108 1 276
328 0 9 0 0 36 5 25 1 56 5 54
329 92 0 1 1 95 4 51 2 109
330 0 -1 0 3 226 5 33 1 300 5 16 1 100 4 79 3 172
331 0 -20 0 3 186 4 47 1 156 4 138 1 300 5 20 1 17
332 0 16 0 3 130 5 150
333 0 -18 0 0 129
334 0 10 0 2 100 5 17 0 51 5 31 1 96 5 20
335 93 0 1 0 58 4 15 2 143
336 0 -16 0 1 300 5 19 1 12 4 83 0 193
337 0 0 0 1 97 4 7 0 56 4 7
338 94 0 2 3 43
339 0 7 0 2 55 4 73 1 12 5 48 1 19
340 0 -6 0 0 165 5 115 0 300 4 23 0 58 4 116 2 190
341 0 5 0 0 46 4 60 1 96 4 52 3 21
342 0 14 0 0 103
343 0 9 0 2 90 5 12 2 83 4 8 0 62
344 81 0 2 1 21 5 32 2 120
345 0 -4 0 1 203 4 45 3 300 5 16 3 35 5 138 3 300 4 11 3 12
346 0 17 0 3 59
347 0 0 0 2 198 5 69 0 300 5 22 0 60
348 85 0 2 0 45
349 0 -14 0 1 300 4 25 1 71 4 109 0 300 4 24 0 86 4 122 2 143
350 0 6 0 0 87 4 33 1 35 5 42
351 0 9 0 1 61 4 44 1 18 5 32 0 17
352 83 0 1 1 129 4 30 0 193
353 0 -11 0 3 300 5 27 3 11 4 66 3 232 4 52 2 206
354 0 0 0 0 76 4 22 2 69 5 7 0 22 4 49
355 87 0 1 0 150 5 54 1 65 4 42 2 70
356 0 3 0 2 87 4 64 2 10 5 10
357 0 4 0 1 100 4 52 1 45 4 58 1 10
358 0 1 0 0 54 4 69 0 10 5 20
359 0 17 0 2 198 4 81 2 123
360 0 7 0 3 20 5 48 1 85 5 43
361 0 -3 0 1 104 4 83 3 242
362 0 -9 0 0 161 4 60 2 300 4 15 2 84
363 0 4 0 0 15 4 42 3 94
364 0 -3 0 2 300 5 14 2 39 5 26 2 300 4 25 2 49
365 0 15 0 1 100
366 0 -13 0 3 211 5 57 1 300 4 25 1 41
367 0 9 0 2 37 4 69 2 71 5 31
368 0 2 0 0 67 4 48 2 86 4 71 3 85
369 0 16 0 1 96
370 0 18 0 2 78
371 0 10 0 3 51 4 86
372 0 -8 0 3 158 4 91 0 114
373 84 0 2 3 119
374 0 -4 0 2 183 5 51 1 300 4 28 1 5
375 0 19 0 0 74 4 99
376 0 5 0 1 88 5 40 2 94 4 36 0 73
377 83 0 2 1 190 4 11 0 83 5 30 3 161
378 0 0 0 3 15 4 74 3 29 5 56
379 98 0 2 2 158
380 0 2 0 0 50 4 6 2 19 4 46 3 18
381 0 7 0 0 89 4 19 3 62 4 27 3 70 4 52
382 86 0 1 2 76 5 30 3 148
383 0 11 0 0 124 5 186
384 0 -7 0 0 300 4 28 0 18
385 0 -14 0 0 136 4 20 3 205 5 139 3 132
386 0 -1 0 3 129 5 132 0 102
387 0 -1 0 2 223 5 129 3 128
388 0 4 0 3 97 4 6 1 24 4 14 1 86
389 0 11 0 2 112
390 0 8 0 2 95 5 74 2 85 5 62 3 21 5 65
391 0 -12 0 2 300 5 28 2 24 4 113 1 300 5 16 1 39
392 0 2 0 2 33 4 58 1 94
393 80 0 1 2 156
394 0 8 0 3 74 4 51 0 57 4 9 1 45 4 17
395 0 7 0 2 14 4 47 1 71 5 13 1 37 5 25
396 0 -13 0 0 300 5 11 0 64 5 72 3 300 4 15 3 63
397 0 10 0 1 14 5 15 3 92 4 27
398 81 0 2 2 95 5 30 1 138 4 47 1 119
399 0 -2 0 0 155 5 22 3 233
400 0 5 0 2 83 4 64 0 81 4 52 3 43 4 40
401 82 0 2 2 87 5 47 3 38
402 0 18 0 0 152
403 0 4 0 3 60 5 37 1 46 4 6
404 0 6 0 1 52 5 65 1 71 5 39 3 30 4 57
405 0 -3 0 2 300 4 29 2 33 4 119 1 288 4 41 3 201
406 0 15 0 0 120
407 0 5 0 1 76 4 36 1 28
408 0 -10 0 3 119
409 0 1 0 3 66 5 39 0 83 5 71 2 57 5 27
410 0 1 0 2 38 5 60 3 50 4 24
411 0 3 0 0 48 5 66 1 69 4 51 1 62
412 0 7 0 1 39 4 75 3 69 4 7 2 49
413 97 0 2 2 83 5 20 3 28
414 0 7 0 1 76 5 46 1 10 4 61 3 21
415 0 -11 0 3 180 4 61 2 289
416 0 0 0 1 54 4 38 2 46 5 11 1 18 4 68
417 0 3 0 0 30 5 48 3 86 4 53 3 68
418 96 0 2 0 43 4 68 3 39
419 0 9 0 1 10 4 52 3 16 5 52
420 0 9 0 1 74 5 51 0 10 4 17 0 55 5 36
421 0 -20 0 1 231 4 145 3 293 5 97 0 300 4 27 0 77
422 0 10 0 3 11 4 9 3 31 5 58 0 73 5 19
423 0 1 0 0 93 4 11 2 93 5 48
424 0 -13 0 1 236 4 122 1 300 5 24 1 57
425 0 3 0 0 75 4 68 0 64 4 71 3 48
426 0 2 0 0 59 5 21 3 37 4 44 1 38
427 0 3 0 1 44 5 13 2 87
428 0 9 0 1 53 4 12 0 34
429 0 -16 0 3 297
430 83 0 2 2 21 5 42 3 29
431 0 -10 0 3 220 5 87 0 285
432 82 0 1 1 143 4 63 1 156
433 87 0 2 2 26
434 0 12 0 1 112
435 0 11 0 0 145 4 70
436 0 7 0 0 16 4 22 1 74 5 18 3 14 5 30
437 0 -6 0 0 205 5 111 3 218
438 0 8 0 1 71 4 69 3 99
439 0 0 0 1 165 5 73 2 300 5 28 2 3 4 91 1 121
440 0 9 0 0 37 4 6 3 100 5 20 0 60
441 0 -4 0 3 218
442 0 -18 0 2 149
443 0 -4 0 0 299 4 34 2 300 4 10 2 5
444 0 6 0 3 83 5 25 0 49 5 21
445 0 0 0 2 88 5 50 3 91 4 45
446 0 -1 0 0 290 4 117 3 106 4 61 3 205
447 99 0 1 1 57 4 17 2 93
448 0 -20 0 1 300 5 25 1 67
449 0 6 0 2 97 5 9 3 64 5 38
450 0 16 0 3 112 5 84 3 146
451 0 2 0 0 36 5 23 3 74 4 59 1 25
452 0 1 0 3 83 4 40 1 82 5 14 2 33
453 0 -12 0 0 291 5 100 1 215 4 87 0 298
454 0 0 0 1 15 4 32 0 34 5 25
455 0 -18 0 1 291 5 67 3 107
456 0 -2 0 1 192 5 79 3 248
457 0 -17 0 3 104 4 54 3 158 5 80 1 291
458 0 1 0 0 86 5 54 0 76 5 11
459 0 -17 0 2 300 4 14 2 79
460 0 -10 0 2 162 4 105 3 273
461 0 9 0 1 85 5 74 3 40
462 0 9 0 2 95 5 73 2 30 5 29 0 51
463 0 -8 0 2 267 4 69 2 208 4 148 0 264
464 0 12 0 1 100 5 104
465 0 -3 0 3 115 5 146 2 300 4 20 2 95
466 0 12 0 0 152 5 135
467 0 -17 0 0 300 4 17 0 84 5 104 0 300 4 26 0 28
468 87 0 1 3 86
469 85 0 1 2 89 4 17 2 170 5 72 0 177
470 0 -1 0 3 144
471 0 3 0 0 40 5 35 1 69
472 80 0 1 3 107 4 35 1 31 4 16 0 145
473 0 -14 0 0 212 5 52 1 204 5 90 1 111
474 92 0 1 3 179 4 48 3 133 5 64 1 89
475 0 3 0 2 91 4 24 1 93 4 51 2 27
476 81 0 2 0 146 4 69 3 148 5 28 2 92
477 0 -9 0 1 300 4 18 1 23
478 0 -12 0 2 300 4 23 2 44 4 117 3 300 5 19 3 25
479 0 1 0 2 90 5 48 3 75 4 69 1 11 4 37
480 0 1 0 3 81 4 27 2 39 4 56
481 0 -12 0 3 300 4 16 3 14 5 94 2 300 4 13 2 25 4 108 2 114
482 80 0 1 3 131
483 89 0 2 1 192
484 0 4 0 2 15 4 51 1 69 4 72 2 21 5 6
485 0 14 0 3 117 4 182 2 94
486 0 10 0 2 47 4 47 0 58 5 59 0 83 4 43
487 0 -16 0 1 300 4 26 1 96
488 0 -13 0 0 233 5 60 1 256 4 25 3 263
489 90 0 2 1 185 5 45 1 63 4 57 2 48
490 0 -14 0 0 156
491 0 1 0 2 37 4 40 0 89
492 0 4 0 0 65 4 13 3 32 4 61 0 72
493 0 6 0 2 97 4 32 1 44 5 35 1 98 4 41
494 98 0 1 3 180
495 90 0 2 1 103 5 75 2 20
496 0 10 0 0 96 5 59 3 59
497 0 -4 0 0 300 4 21 0 15
498 0 14 0 3 81 4 114 0 90
499 81 0 2 3 149
500 0 -15 0 1 300 4 22 1 87 5 122 2 142
501 0 9 0 2 26 4 60 2 42 4 9 2 42
502 0 -13 0 2 261 5 69 3 263
503 0 -18 0 0 300 5 15 0 4 5 40 2 290
504 0 9 0 1 62 5 74 1 19 4 56
505 0 -20 0 3 300 4 19 3 15
506 0 19 0 3 107 5 85
507 0 -7 0 0 283 5 54 0 300 4 11 0 11 4 115 2 300 5 23 2 39
508 90 0 1 2 143 5 61 0 102 5 31 0 114
509 0 -18 0 3 300 5 10 3 5 4 126 2 259
510 0 -3 0 3 105 4 99 1 169 5 83 3 300 4 24 3 87
511 0 6 0 2 38 4 31 3 98 5 26 3 10 4 10