0 0 -6 0 2 272 4 134 3 247
1 83 0 1 0 105 4 10 2 93 5 23 1 99
2 0 6 0 2 88 4 72 0 79
3 0 4 0 0 80 5 26 0 66 5 32 3 21 5 27
4 82 0 2 3 163 5 49 1 44 4 25 0 21
5 0 19 0 2 52 5 177
6 0 -5 0 3 300 5 20 3 4 5 149 0 127
7 89 0 2 3 58 5 72 3 23 5 72 2 152
8 0 2 0 2 20 5 39 2 64 4 61
9 0 1 0 0 53 4 54 1 88 4 18 2 69 5 74
10 0 6 0 0 35 5 23 1 64
11 0 5 0 0 93 5 65 2 18 5 12 2 97
12 84 0 1 0 43 4 72 2 69 5 73 0 198
13 0 5 0 3 41 5 32 0 44 5 37
14 0 4 0 1 28 4 6 1 91 4 66 3 74 5 13
15 0 5 0 2 35 5 68 3 78
16 81 0 2 1 183 5 46 3 106 5 51 1 64
17 98 0 2 2 53 4 64 3 114
18 83 0 2 0 174 5 27 2 200
19 95 0 2 2 115 4 75 3 22 4 73 1 78
20 0 -2 0 3 300 5 30 3 84 4 90 0 256
21 0 1 0 0 12 5 62 3 63 4 44 3 32 4 28
22 0 -8 0 2 118
23 0 -1 0 3 172 4 57 1 102 4 128 3 300 4 28 3 72
24 0 -15 0 3 149 5 24 2 238
25 0 1 0 2 21 5 21 0 93 4 34
26 86 0 2 0 50 4 74 0 127 5 61 1 25
27 0 -18 0 1 239 4 132 2 224 4 111 1 257
28 0 9 0 2 28 5 52 2 64 4 52 3 88 4 24
29 0 -13 0 3 284 5 46 0 278 4 68 2 224
30 0 3 0 0 57 4 42 0 69 4 33
31 0 -17 0 3 237
32 88 0 2 3 38
33 0 -9 0 2 300 4 15 2 100 4 59 1 295 5 25 2 246
34 0 19 0 3 109 5 51 0 97
35 0 2 0 1 63 5 8 3 89 5 57 3 17 5 58
36 0 -8 0 1 282 4 145 1 282 5 130 2 142
37 0 1 0 1 85 5 36 3 66
38 96 0 1 1 200
39 0 1 0 1 72 5 55 1 54
40 0 7 0 0 36 4 73 2 66 4 36
41 0 -11 0 2 258 4 142 1 300 5 14 1 12 5 23 3 268
42 0 -6 0 3 297 5 94 0 126
43 0 2 0 0 35 5 19 1 61 5 40 3 18 5 34
44 0 1 0 2 95 5 56 1 36 5 46
45 0 3 0 2 77 5 10 0 67
46 93 0 1 2 133 5 50 2 43 4 74 0 165
47 0 0 0 0 231 5 43 1 219 5 55 1 194
48 0 3 0 3 43 4 70 3 79 4 37
49 0 -13 0 0 227 4 71 2 117 4 129 2 143
50 0 8 0 3 27 4 50 1 61
51 0 -8 0 0 300 5 11 0 34 5 92 2 156
52 0 -17 0 3 295 4 53 1 226
53 0 1 0 2 41 4 75 3 87 4 38 3 45 4 27
54 0 -18 0 1 147 4 75 1 189
55 0 -11 0 3 108 4 116 1 300 5 25 1 20 5 69 0 235
56 0 0 0 1 262 5 43 3 300 4 23 3 72 5 130 0 126
57 0 4 0 3 36 5 18 0 49 4 68
58 82 0 2 2 66
59 0 15 0 0 74
60 0 16 0 1 143
61 96 0 2 3 22
62 0 7 0 1 28 4 5 3 88 4 50 1 84 5 46
63 0 8 0 3 35 4 28 2 21 4 30
64 0 15 0 2 157 4 76 1 107
65 0 -12 0 1 231 5 133 3 300 4 13 3 18
66 0 -10 0 0 209
67 0 19 0 2 185 5 180
68 0 3 0 0 47 4 43 3 30 4 72 1 85
69 96 0 1 3 43 4 22 1 38
70 0 -17 0 0 300 4 11 0 75 5 87 1 178
71 0 8 0 2 54 5 56 2 100 5 36 1 72
72 0 -10 0 1 300 4 22 1 75 5 108 0 279
73 0 3 0 3 40 4 69 2 16 5 49 2 78 5 28
74 81 0 2 2 50
75 0 -4 0 0 204
76 0 -1 0 3 121 5 115 3 269
77 0 -3 0 2 245
78 0 -18 0 1 121 5 102 3 287
79 92 0 1 3 32 5 63 2 112 4 69 0 150
80 0 -17 0 3 282 4 131 1 300 4 11 1 45 4 79 2 285
81 0 9 0 3 27 4 8 3 41 5 73 1 68
82 95 0 1 3 101 5 60 1 148
83 0 -9 0 3 139
84 80 0 2 3 196 4 13 1 70 4 55 0 127
85 81 0 1 1 91
86 0 -16 0 3 290
87 97 0 1 3 193
88 0 4 0 1 58 5 42 2 38 4 52 1 52
89 0 17 0 1 83 5 93
90 0 -17 0 3 263
91 0 -15 0 1 125
92 89 0 1 0 73 4 61 1 105
93 0 1 0 2 30 5 11 1 30 5 58 1 27 4 5
94 0 4 0 2 94 5 57 3 20 4 51
95 0 -18 0 3 248 5 108 3 296
96 82 0 2 1 139 5 34 0 25
97 0 -17 0 3 300 4 17 3 44 4 44 3 300 4 10 3 49 4 29 2 259
98 86 0 2 1 80
99 0 4 0 1 25 4 32 1 80 5 49 2 18 5 32
100 87 0 2 0 102 4 29 3 177 5 21 1 64
101 92 0 1 0 30 4 50 1 85
102 0 6 0 0 54 4 71 3 36
103 0 -10 0 1 300 5 13 1 46 4 44 3 281
104 0 -20 0 0 257 4 105 1 300 4 18 1 85 5 53 2 300 5 29 2 43
105 91 0 2 1 49
106 0 -5 0 0 128 4 122 2 111
107 88 0 1 1 63
108 96 0 2 2 82
109 0 1 0 1 39 4 73 0 77 5 56
110 99 0 1 1 61
111 95 0 1 3 149 4 13 2 147 5 30 0 47
112 93 0 2 3 176
113 0 18 0 3 65 5 53 2 72
114 0 -6 0 0 300 5 13 0 46
115 0 -16 0 2 175 4 25 1 291
116 0 13 0 0 82
117 0 -17 0 2 300 4 64 1 300 4 25 1 63 4 81 3 300 4 29 3 54
118 0 -6 0 1 178 4 143 1 245 4 133 3 262
119 0 -8 0 2 160
120 0 -2 0 0 243 4 63 2 300 4 10 2 95 5 125 0 300 4 17 0 14
121 0 10 0 2 55
122 0 2 0 3 64 4 60 1 47
123 0 -10 0 3 154
124 0 18 0 2 170 5 76 1 77
125 0 -12 0 2 300 5 26 2 42
126 91 0 1 1 101 4 61 0 59
127 0 0 0 2 60 4 70 3 31 5 21
128 0 -11 0 1 300 4 14 1 30 5 106 1 212 5 138 0 209
129 89 0 1 0 179 4 65 1 177
130 0 -16 0 0 254
131 80 0 1 0 200
132 0 17 0 2 129
133 0 6 0 0 19 5 23 1 97 4 7 2 30 5 30
134 85 0 1 2 172 4 22 0 180
135 0 5 0 1 75 5 50 0 60 4 40 0 80
136 0 -8 0 0 251 5 148 2 225
137 0 7 0 0 86 4 28 1 34 5 41
138 0 -11 0 0 175
139 0 -3 0 2 175 4 106 0 300 4 21 0 59
140 0 -14 0 2 300 5 20 2 66
141 0 6 0 2 98 4 46 0 32 4 69
142 0 -20 0 3 172
143 0 -20 0 0 165 4 101 0 300 5 11 0 99 4 123 2 280
144 0 10 0 1 47 4 33 2 81 4 54 1 90
145 0 -12 0 1 300 4 24 1 44
146 0 6 0 3 53 5 58 2 82 5 14 0 30
147 0 12 0 1 165 4 195 1 101
148 0 -12 0 2 262 5 20 1 168
149 87 0 1 0 147
150 99 0 2 0 129 4 43 1 22 5 34 0 56
151 0 10 0 1 89 5 131
152 0 1 0 2 100 5 42 1 62 4 62
153 0 -20 0 0 171 4 76 3 131
154 82 0 2 0 69 5 21 3 139
155 0 11 0 1 143 5 76
156 0 -12 0 2 119 4 104 1 134 5 79 3 166
157 0 2 0 1 63 5 35 3 44 5 50 1 53 5 39
158 0 -4 0 3 300 4 21 3 66 5 24 1 275 4 21 3 290
159 0 -14 0 2 300 5 16 2 87 5 31 0 300 5 16 0 37
160 0 3 0 0 67 5 9 2 90 5 60 0 91 5 16
161 0 -15 0 1 300 5 10 1 3
162 89 0 1 1 104 4 16 2 190 5 37 1 49
163 0 3 0 1 25 5 56 0 29 4 5
164 0 -4 0 2 254 4 129 2 157 5 55 2 277
165 0 -19 0 3 216 4 20 3 300 4 18 3 57 5 83 1 246
166 0 7 0 2 15 4 62 3 58
167 86 0 2 0 192 4 27 0 117
168 0 -3 0 3 300 4 26 3 14
169 0 7 0 1 63 5 28 1 99 5 58
170 0 0 0 1 37 4 49 0 94
171 0 -18 0 1 300 4 17 1 88
172 0 0 0 2 246
173 0 -14 0 1 111 5 49 3 181 5 132 0 258
174 95 0 1 1 158 4 57 3 57
175 0 8 0 2 59 5 13 0 46 4 22 0 27
176 0 6 0 2 16 4 66 0 83
177 93 0 1 1 93 5 15 2 36 5 61 0 137
178 0 7 0 2 78 5 65 2 89 5 23 1 16
179 95 0 2 0 159
180 0 14 0 1 112
181 0 0 0 2 136
182 81 0 2 1 185 4 30 1 78 5 29 1 20
183 97 0 1 1 24
184 0 10 0 1 30 5 23 3 37 4 9 0 59
185 0 -1 0 1 300 4 25 1 83 5 56 2 226 4 49 1 157
186 0 10 0 0 62 5 58 0 51
187 0 -3 0 2 300 5 21 2 47 4 54 3 300 4 30 3 10
188 0 -3 0 1 278 5 60 3 300 5 20 3 17
189 0 -19 0 3 293 4 139 0 235 5 50 0 283
190 0 10 0 2 91 5 73 3 67 4 57 3 96
191 0 19 0 3 69
192 81 0 1 3 60 5 62 0 151 4 52 3 136
193 0 4 0 1 92 4 53 1 40
194 0 -15 0 2 300 5 23 2 75 5 79 2 144
195 0 -16 0 0 233
196 0 -15 0 1 183 4 103 0 124 5 76 3 192
197 0 -15 0 1 296 5 70 1 271 4 88 1 172
198 0 -19 0 1 110 4 145 3 238 5 131 1 300 5 12 1 28
199 89 0 1 2 100 4 12 3 35 5 64 1 69
200 0 6 0 1 74 5 51 1 29 5 48
201 0 12 0 2 103 4 125 2 58
202 0 3 0 2 52 5 75 0 74 5 38 2 96 4 7
203 96 0 1 3 49
204 0 6 0 3 22 4 46 1 58 5 57
205 0 4 0 0 66 5 33 1 57 4 46 3 76 4 44
206 0 -19 0 3 204 5 74 2 170 4 65 3 300 4 24 3 95
207 0 -19 0 1 254 5 126 3 300 4 14 3 38
208 0 0 0 0 12 5 26 3 20 5 30 1 66
209 85 0 2 3 47 5 15 1 106
210 0 17 0 1 168 5 144 2 104
211 0 -15 0 0 291 5 54 3 244
212 99 0 2 3 25 5 66 3 159 5 36 2 157
213 0 8 0 0 58 4 52 1 37 4 54 1 30
214 0 -17 0 3 120 5 106 3 170
215 0 3 0 3 35 4 25 1 35 4 46 3 67 4 44
216 0 -16 0 2 110
217 0 7 0 3 81 5 66 0 53 4 60 0 71
218 0 3 0 0 66 4 57 1 39 5 9 1 51 5 42
219 89 0 2 2 50 5 36 3 25
220 0 -5 0 3 186 5 45 0 300 5 28 0 40 5 115 2 300 5 21 2 4
221 95 0 1 1 45 4 14 0 25 4 28 1 102
222 0 10 0 0 56 5 176 0 91
223 93 0 1 2 141 4 48 3 135 4 62 0 29
224 90 0 1 2 22 4 63 0 96
225 90 0 1 0 104 5 48 0 148
226 0 -11 0 1 232
227 0 -2 0 3 261
228 0 4 0 1 82 4 61 1 46 4 71
229 0 11 0 1 181
230 0 -14 0 1 300 4 18 1 65 4 103 1 300 4 20 1 24 5 112 1 300 4 23 1 46
231 0 1 0 1 44 5 44 0 81 5 52 0 15
232 0 -4 0 0 300 4 18 0 36 5 146 0 106
233 0 3 0 1 42 5 75 3 34 5 32 0 87 4 37
234 0 -13 0 1 300 4 20 1 28
235 0 3 0 2 70 4 25 0 88
236 0 -10 0 3 157 5 123 2 212 4 20 3 180
237 0 -9 0 2 246 4 132 3 292
238 81 0 1 2 70
239 0 1 0 0 35 5 7 0 96 4 24
240 0 2 0 3 61 5 66 2 20
241 0 -13 0 2 100 4 82 0 300 5 26 0 46 4 141 1 300 5 21 1 93
242 0 9 0 3 37 5 43 1 81 4 5
243 0 5 0 0 22 4 58 1 10
244 0 -2 0 2 222
245 0 6 0 0 31 4 8 0 10 4 35 3 39 4 47
246 95 0 2 0 56 5 31 3 40
247 83 0 1 2 88
248 0 -11 0 2 300 4 14 2 6 5 20 3 207 4 118 3 176
249 0 10 0 0 133 5 150 2 100
250 0 16 0 3 130
251 0 8 0 0 51 5 21 0 15 5 20 0 57
252 96 0 1 3 156 5 43 0 164 5 22 3 174
253 0 -5 0 1 300 4 25 1 9 4 134 1 121
254 0 0 0 3 92 4 37 3 31 4 53
255 0 -2 0 3 168 5 60 2 112 4 21 3 184
256 0 6 0 3 17 5 75 1 72 5 57 0 72 5 48
257 0 10 0 1 90 4 72 2 60
258 0 10 0 0 10 5 16 0 44
259 88 0 2 0 170 4 11 2 104
260 0 4 0 0 64 4 53 3 95 5 49
261 0 -2 0 3 169
262 0 -3 0 1 101 5 82 0 300 5 26 0 55
263 0 -2 0 1 300 5 12 1 30 4 63 3 247 5 30 1 165
264 89 0 2 0 73
265 0 -13 0 0 300 5 20 0 77 4 34 2 274 4 66 2 173
266 0 -5 0 0 162
267 0 -9 0 2 297
268 0 -4 0 3 115 5 150 0 132 5 56 2 245
269 0 -7 0 1 105
270 0 13 0 2 153
271 0 -4 0 0 272 5 142 3 300 5 12 3 50 5 109 0 123
272 0 -18 0 2 164
273 0 -10 0 0 300 4 16 0 72 5 36 2 191
274 0 -20 0 0 300 5 25 0 67 5 30 3 187
275 0 -15 0 2 146 4 133 1 110 5 111 1 300 5 15 1 57
276 0 -1 0 2 300 4 12 2 76 5 109 2 300 5 21 2 87 4 77 3 250
277 0 4 0 2 28 4 18 0 54 4 12 2 40
278 0 11 0 3 187 5 86 0 51
279 0 3 0 1 84 5 70 0 98
280 0 1 0 0 95 4 65 3 50 5 60 2 85
281 0 -15 0 0 140
282 0 6 0 0 95 5 37 2 62
283 0 -13 0 0 142 4 107 3 235 5 147 1 288
284 0 -10 0 2 282
285 0 9 0 0 78 5 68 3 42 4 7 0 23
286 0 -11 0 0 300 4 13 0 93 4 59 3 167
287 85 0 2 0 30 5 28 0 66 4 57 0 38
288 83 0 1 2 125 4 61 2 59 5 16 1 67
289 0 16 0 3 188 5 78
290 0 -5 0 1 300 5 26 1 95
291 0 10 0 2 75 4 42 1 98 5 23
292 92 0 1 3 188 5 28 3 172 5 27 2 165
293 0 10 0 0 28 5 57 0 52 4 14 3 99 5 53
294 80 0 1 2 137
295 87 0 1 3 74 5 48 1 171 5 58 1 166
296 0 3 0 3 18 4 22 2 19 4 30 3 49 4 16
297 0 7 0 0 35 5 68 3 28 5 70
298 0 1 0 2 63 4 18 3 77 4 74 0 44 4 68
299 90 0 1 2 30 4 55 2 170
300 0 -16 0 3 300 5 10 3 7
301 0 -14 0 0 211 4 56 3 118
302 0 -20 0 0 300 5 21 0 29
303 0 -7 0 3 143
304 0 7 0 1 20 5 53 1 80 5 10 3 38 4 35
305 88 0 2 3 38 5 33 3 130 5 74 0 101
306 0 0 0 0 300 5 26 0 56
307 0 9 0 3 98 5 46 1 16 5 17 1 22
308 0 9 0 0 21 5 67 3 26
309 0 -4 0 3 220 4 30 1 300 4 24 1 44
310 0 6 0 1 44 4 13 2 81 5 67 2 95
311 87 0 2 3 141 4 69 2 83 4 37 1 32
312 0 9 0 3 15 5 58 0 24 5 38 1 60 4 49
313 0 6 0 1 32 5 31 0 57 4 44
314 0 6 0 0 92 4 62 2 61 4 18 0 53 4 42
315 0 -18 0 1 221 5 120 2 108 5 78 2 106
316 0 -2 0 1 164
317 95 0 1 1 154 4 74 0 170 4 30 3 68
318 83 0 2 0 118
319 0 4 0 3 21 4 45 1 82 5 21 3 71
320 0 15 0 1 93 5 180 2 102
321 0 -9 0 2 300 5 14 2 57 5 120 0 204
322 0 -14 0 2 237 4 112 2 251 5 88 3 213
323 0 -12 0 3 300 5 30 3 88
324 0 10 0 0 33 4 24 2 11 5 38 3 49 4 51
325 0 -19 0 0 300 5 27 0 53
326 0 -19 0 2 110
327 0 -17 0 1 156 4 108 1 276
328 0 9 0 0 36 5 25 1 56 5 54
329 92 0 1 1 95 4 51 2 109
330 0 -1 0 3 226 5 33 1 300 5 16 1 100 4 79 3 172
331 0 -20 0 3 186 4 47 1 156 4 138 1 300 5 20 1 17
332 0 16 0 3 130 5 150
333 0 -18 0 0 129
334 0 10 0 2 100 5 17 0 51 5 31 1 96 5 20
335 93 0 1 0 58 4 15 2 143
336 0 -16 0 1 300 5 19 1 12 4 83 0 193
337 0 0 0 1 97 4 7 0 56 4 7
338 94 0 2 3 43
339 0 7 0 2 55 4 73 1 12 5 48 1 19
340 0 -6 0 0 165 5 115 0 300 4 23 0 58 4 116 2 190
341 0 5 0 0 46 4 60 1 96 4 52 3 21
342 0 14 0 0 103
343 0 9 0 2 90 5 12 2 83 4 8 0 62
344 81 0 2 1 21 5 32 2 120
345 0 -4 0 1 203 4 45 3 300 5 16 3 35 5 138 3 300 4 11 3 12
346 0 17 0 3 59
347 0 0 0 2 198 5 69 0 300 5 22 0 60
348 85 0 2 0 45
349 0 -14 0 1 300 4 25 1 71 4 109 0 300 4 24 0 86 4 122 2 143
350 0 6 0 0 87 4 33 1 35 5 42
351 0 9 0 1 61 4 44 1 18 5 32 0 17
352 83 0 1 1 129 4 30 0 193
353 0 -11 0 3 300 5 27 3 11 4 66 3 232 4 52 2 206
354 0 0 0 0 76 4 22 2 69 5 7 0 22 4 49
355 87 0 1 0 150 5 54 1 65 4 42 2 70
356 0 3 0 2 87 4 64 2 10 5 10
357 0 4 0 1 100 4 52 1 45 4 58 1 10
358 0 1 0 0 54 4 69 0 10 5 20
359 0 17 0 2 198 4 81 2 123
360 0 7 0 3 20 5 48 1 85 5 43
361 0 -3 0 1 104 4 83 3 242
362 0 -9 0 0 161 4 60 2 300 4 15 2 84
363 0 4 0 0 15 4 42 3 94
364 0 -3 0 2 300 5 14 2 39 5 26 2 300 4 25 2 49
365 0 15 0 1 100
366 0 -13 0 3 211 5 57 1 300 4 25 1 41
367 0 9 0 2 37 4 69 2 71 5 31
368 0 2 0 0 67 4 48 2 86 4 71 3 85
369 0 16 0 1 96
370 0 18 0 2 78
371 0 10 0 3 51 4 86
372 0 -8 0 3 158 4 91 0 114
373 84 0 2 3 119
374 0 -4 0 2 183 5 51 1 300 4 28 1 5
375 0 19 0 0 74 4 99
376 0 5 0 1 88 5 40 2 94 4 36 0 73
377 83 0 2 1 190 4 11 0 83 5 30 3 161
378 0 0 0 3 15 4 74 3 29 5 56
379 98 0 2 2 158
380 0 2 0 0 50 4 6 2 19 4 46 3 18
381 0 7 0 0 89 4 19 3 62 4 27 3 70 4 52
382 86 0 1 2 76 5 30 3 148
383 0 11 0 0 124 5 186
384 0 -7 0 0 300 4 28 0 18
385 0 -14 0 0 136 4 20 3 205 5 139 3 132
386 0 -1 0 3 129 5 132 0 102
387 0 -1 0 2 223 5 129 3 128
388 0 4 0 3 97 4 6 1 24 4 14 1 86
389 0 11 0 2 112
390 0 8 0 2 95 5 74 2 85 5 62 3 21 5 65
391 0 -12 0 2 300 5 28 2 24 4 113 1 300 5 16 1 39
392 0 2 0 2 33 4 58 1 94
393 80 0 1 2 156
394 0 8 0 3 74 4 51 0 57 4 9 1 45 4 17
395 0 7 0 2 14 4 47 1 71 5 13 1 37 5 25
396 0 -13 0 0 300 5 11 0 64 5 72 3 300 4 15 3 63
397 0 10 0 1 14 5 15 3 92 4 27
398 81 0 2 2 95 5 30 1 138 4 47 1 119
399 0 -2 0 0 155 5 22 3 233
400 0 5 0 2 83 4 64 0 81 4 52 3 43 4 40
401 82 0 2 2 87 5 47 3 38
402 0 18 0 0 152
403 0 4 0 3 60 5 37 1 46 4 6
404 0 6 0 1 52 5 65 1 71 5 39 3 30 4 57
405 0 -3 0 2 300 4 29 2 33 4 119 1 288 4 41 3 201
406 0 15 0 0 120
407 0 5 0 1 76 4 36 1 28
408 0 -10 0 3 119
409 0 1 0 3 66 5 39 0 83 5 71 2 57 5 27
410 0 1 0 2 38 5 60 3 50 4 24
411 0 3 0 0 48 5 66 1 69 4 51 1 62
412 0 7 0 1 39 4 75 3 69 4 7 2 49
413 97 0 2 2 83 5 20 3 28
414 0 7 0 1 76 5 46 1 10 4 61 3 21
415 0 -11 0 3 180 4 61 2 289
416 0 0 0 1 54 4 38 2 46 5 11 1 18 4 68
417 0 3 0 0 30 5 48 3 86 4 53 3 68
418 96 0 2 0 43 4 68 3 39
419 0 9 0 1 10 4 52 3 16 5 52
420 0 9 0 1 74 5 51 0 10 4 17 0 55 5 36
421 0 -20 0 1 231 4 145 3 293 5 97 0 300 4 27 0 77
422 0 10 0 3 11 4 9 3 31 5 58 0 73 5 19
423 0 1 0 0 93 4 11 2 93 5 48
424 0 -13 0 1 236 4 122 1 300 5 24 1 57
425 0 3 0 0 75 4 68 0 64 4 71 3 48
426 0 2 0 0 59 5 21 3 37 4 44 1 38
427 0 3 0 1 44 5 13 2 87
428 0 9 0 1 53 4 12 0 34
429 0 -16 0 3 297
430 83 0 2 2 21 5 42 3 29
431 0 -10 0 3 220 5 87 0 285
432 82 0 1 1 143 4 63 1 156
433 87 0 2 2 26
434 0 12 0 1 112
435 0 11 0 0 145 4 70
436 0 7 0 0 16 4 22 1 74 5 18 3 14 5 30
437 0 -6 0 0 205 5 111 3 218
438 0 8 0 1 71 4 69 3 99
439 0 0 0 1 165 5 73 2 300 5 28 2 3 4 91 1 121
440 0 9 0 0 37 4 6 3 100 5 20 0 60
441 0 -4 0 3 218
442 0 -18 0 2 149
443 0 -4 0 0 299 4 34 2 300 4 10 2 5
444 0 6 0 3 83 5 25 0 49 5 21
445 0 0 0 2 88 5 50 3 91 4 45
446 0 -1 0 0 290 4 117 3 106 4 61 3 205
447 99 0 1 1 57 4 17 2 93
448 0 -20 0 1 300 5 25 1 67
449 0 6 0 2 97 5 9 3 64 5 38
450 0 16 0 3 112 5 84 3 146
451 0 2 0 0 36 5 23 3 74 4 59 1 25
452 0 1 0 3 83 4 40 1 82 5 14 2 33
453 0 -12 0 0 291 5 100 1 215 4 87 0 298
454 0 0 0 1 15 4 32 0 34 5 25
455 0 -18 0 1 291 5 67 3 107
456 0 -2 0 1 192 5 79 3 248
457 0 -17 0 3 104 4 54 3 158 5 80 1 291
458 0 1 0 0 86 5 54 0 76 5 11
459 0 -17 0 2 300 4 14 2 79
460 0 -10 0 2 162 4 105 3 273
461 0 9 0 1 85 5 74 3 40
462 0 9 0 2 95 5 73 2 30 5 29 0 51
463 0 -8 0 2 267 4 69 2 208 4 148 0 264
464 0 12 0 1 100 5 104
465 0 -3 0 3 115 5 146 2 300 4 20 2 95
466 0 12 0 0 152 5 135
467 0 -17 0 0 300 4 17 0 84 5 104 0 300 4 26 0 28
468 87 0 1 3 86
469 85 0 1 2 89 4 17 2 170 5 72 0 177
470 0 -1 0 3 144
471 0 3 0 0 40 5 35 1 69
472 80 0 1 3 107 4 35 1 31 4 16 0 145
473 0 -14 0 0 212 5 52 1 204 5 90 1 111
474 92 0 1 3 179 4 48 3 133 5 64 1 89
475 0 3 0 2 91 4 24 1 93 4 51 2 27
476 81 0 2 0 146 4 69 3 148 5 28 2 92
477 0 -9 0 1 300 4 18 1 23
478 0 -12 0 2 300 4 23 2 44 4 117 3 300 5 19 3 25
479 0 1 0 2 90 5 48 3 75 4 69 1 11 4 37
480 0 1 0 3 81 4 27 2 39 4 56
481 0 -12 0 3 300 4 16 3 14 5 94 2 300 4 13 2 25 4 108 2 114
482 80 0 1 3 131
483 89 0 2 1 192
484 0 4 0 2 15 4 51 1 69 4 72 2 21 5 6
485 0 14 0 3 117 4 182 2 94
486 0 10 0 2 47 4 47 0 58 5 59 0 83 4 43
487 0 -16 0 1 300 4 26 1 96
488 0 -13 0 0 233 5 60 1 256 4 25 3 263
489 90 0 2 1 185 5 45 1 63 4 57 2 48
490 0 -14 0 0 156
491 0 1 0 2 37 4 40 0 89
492 0 4 0 0 65 4 13 3 32 4 61 0 72
493 0 6 0 2 97 4 32 1 44 5 35 1 98 4 41
494 98 0 1 3 180
495 90 0 2 1 103 5 75 2 20
496 0 10 0 0 96 5 59 3 59
497 0 -4 0 0 300 4 21 0 15
498 0 14 0 3 81 4 114 0 90
499 81 0 2 3 149
500 0 -15 0 1 300 4 22 1 87 5 122 2 142
501 0 9 0 2 26 4 60 2 42 4 9 2 42
502 0 -13 0 2 261 5 69 3 263
503 0 -18 0 0 300 5 15 0 4 5 40 2 290
504 0 9 0 1 62 5 74 1 19 4 56
505 0 -20 0 3 300 4 19 3 15
506 0 19 0 3 107 5 85
507 0 -7 0 0 283 5 54 0 300 4 11 0 11 4 115 2 300 5 23 2 39
508 90 0 1 2 143 5 61 0 102 5 31 0 114
509 0 -18 0 3 300 5 10 3 5 4 126 2 259
510 0 -3 0 3 105 4 99 1 169 5 83 3 300 4 24 3 87
511 0 6 0 2 38 4 31 3 98 5 26 3 10 4 10
512 85 0 1 3 44
513 93 0 1 2 80 5 61 3 34 5 34 3 163
514 0 -11 0 2 293 4 144 2 300 4 21 2 44 4 145 0 272
515 0 -11 0 2 285 5 68 1 108
516 0 -8 0 2 207 4 34 1 129
517 0 10 0 0 194 4 194 3 85
518 0 7 0 0 67 4 57 1 58
519 0 -16 0 0 300 5 14 0 42 5 119 3 128 5 31 3 286
520 99 0 1 3 124
521 0 4 0 0 61 5 70 0 30 5 18 2 36
522 0 -20 0 1 228 5 150 2 145
523 86 0 2 1 53 4 42 1 117
524 0 5 0 0 36 5 39 3 37 5 65
525 88 0 1 1 100 5 37 3 101
526 0 -16 0 3 122 5 66 2 107
527 0 -11 0 1 300 4 26 1 15 4 138 1 247 4 139 2 300 5 30 2 45
528 0 3 0 2 36 5 46 0 45 4 57
529 0 -2 0 1 254 5 106 2 199
530 0 7 0 3 94 5 27 1 61 4 64 2 40 5 19
531 91 0 1 3 101
532 0 15 0 2 151
533 0 -19 0 0 133
534 0 3 0 2 90 5 28 2 88
535 0 0 0 0 300 4 28 0 95
536 0 -16 0 1 300 5 26 1 72 5 103 2 242
537 0 -11 0 2 183
538 0 -6 0 0 233 5 45 3 196 5 96 1 200
539 0 13 0 3 123 4 121 0 164
540 88 0 2 2 49
541 0 10 0 0 118 4 80 0 75
542 0 -18 0 0 163
543 0 -13 0 1 300 5 26 1 59 4 131 2 285 5 24 3 102
544 0 11 0 2 181 5 192
545 0 -14 0 3 159 4 66 2 108
546 81 0 2 2 74 4 61 1 34 4 68 0 192
547 0 9 0 2 95 4 68 3 93 5 59 1 84
548 0 3 0 2 54 4 22 1 28 5 13 1 89 5 61
549 0 10 0 1 73 5 48 2 71 5 59 2 64 5 28
550 0 18 0 0 111 5 140
551 0 -16 0 2 283 5 28 0 175
552 0 -18 0 3 300 4 17 3 98 5 20 1 117 4 132 3 300 5 14 3 55
553 0 7 0 1 89 4 15 1 54 5 46
554 0 -9 0 1 127
555 0 17 0 2 149 4 180
556 0 2 0 0 44 5 43 3 17
557 0 -9 0 3 150
558 0 -9 0 1 300 4 28 1 6 4 131 1 172
559 0 14 0 1 131 5 106
560 0 -15 0 1 288 5 97 0 139
561 0 -1 0 0 300 4 16 0 28
562 0 -20 0 3 300 5 20 3 44 5 110 2 216
563 0 -9 0 0 300 4 11 0 34 4 130 1 143
564 0 -15 0 2 150 5 90 3 196 5 46 0 240
565 0 13 0 1 91 4 200 3 145
566 0 -13 0 2 284 4 137 3 300 4 29 3 25 5 99 0 136
567 0 4 0 2 44 5 21 1 81 5 58 0 66
568 0 0 0 3 91 5 50 0 28 4 30
569 0 4 0 3 22 5 25 3 74 4 68 3 11
570 0 10 0 3 61 5 139
571 0 5 0 3 67 4 27 1 79 5 72 3 11 5 6
572 0 2 0 1 19 5 28 2 35 4 17 3 40
573 0 9 0 0 70 5 39 2 27 5 7 0 93 5 52
574 83 0 2 2 112
575 0 -1 0 1 300 4 28 1 48
576 89 0 1 1 183
577 0 0 0 0 94 4 48 0 93 5 59 3 67
578 0 0 0 0 300 5 14 0 66 4 51 2 186 4 78 3 262
579 0 -15 0 3 295 4 114 1 300 4 20 1 92
580 0 -1 0 2 300 5 18 2 2
581 0 -11 0 0 110 5 25 2 100
582 0 -7 0 2 265 5 90 3 286 5 41 1 268
583 0 -5 0 2 123 5 96 1 217 5 93 2 208
584 0 4 0 1 60 4 70 1 73 4 55 0 38 5 25
585 0 -16 0 2 300 4 13 2 38
586 91 0 2 1 47
587 95 0 2 3 124 5 48 3 168
588 0 1 0 0 28 4 29 2 21 4 6 1 78
589 0 -11 0 2 250 4 119 2 271
590 0 -8 0 0 170 4 54 0 300 5 11 0 74 4 77 3 234
591 0 -5 0 3 199 5 81 0 300 5 12 0 5 5 98 2 133
592 0 -7 0 2 300 4 28 2 6 4 141 3 204
593 0 0 0 2 48 5 8 2 49
594 0 6 0 2 42 5 9 3 59
595 85 0 1 0 152 5 31 0 93
596 0 -19 0 3 275 4 78 2 162 4 28 3 217
597 0 -12 0 0 268 4 117 0 300 5 28 0 84 5 129 3 300 5 14 3 40
598 0 1 0 3 66 4 39 0 67 4 39
599 87 0 1 3 83 4 31 1 33 5 74 1 25
600 0 -18 0 1 300 4 15 1 27 5 37 3 199
601 0 -7 0 3 300 5 14 3 100 4 120 3 300 5 11 3 54
602 95 0 1 0 126 4 28 2 146
603 0 10 0 1 38 5 38 2 38 5 48
604 0 13 0 3 183 4 119 0 105
605 0 18 0 2 85
606 0 -9 0 0 300 4 24 0 64 5 150 0 100 4 80 1 256
607 0 5 0 0 34 5 63 2 73 5 51 2 99 4 69
608 0 5 0 2 83 4 63 2 14 4 63
609 80 0 1 0 83
610 0 16 0 3 182 4 135 2 165
611 0 4 0 3 15 4 19 0 33 5 63 2 59 5 48
612 0 14 0 2 154 4 73 0 176
613 0 -6 0 0 121
614 0 -12 0 0 215
615 0 4 0 3 17 4 44 2 73 4 7 2 27
616 87 0 1 2 200 5 60 2 179
617 0 2 0 2 11 4 54 1 13 4 75
618 0 0 0 3 300 4 27 3 62
619 0 2 0 2 80 5 46 1 91 5 41 0 83
620 0 10 0 3 67 5 74 1 62
621 0 8 0 1 37 4 39 2 23 4 17 0 66
622 0 13 0 1 87 4 106 2 111
623 0 17 0 2 195 4 112 1 87
624 89 0 2 3 188 5 28 3 37 4 19 0 142
625 0 -14 0 3 245
626 0 -6 0 3 150 4 45 2 153 5 119 3 300 5 14 3 5
627 96 0 1 2 141 4 14 0 97 5 37 1 126
628 0 6 0 0 95 5 31 2 31 4 45
629 0 18 0 2 189 5 143
630 0 -7 0 3 291 5 121 1 300 4 13 1 84 5 42 0 197
631 0 -14 0 2 114 5 54 2 300 4 20 2 91
632 99 0 1 3 147 4 34 2 42 5 42 3 59
633 0 -16 0 0 104
634 0 14 0 2 197 5 151 1 166
635 0 -14 0 1 204 5 109 3 300 5 30 3 75
636 96 0 1 1 31
637 80 0 2 3 194 4 10 1 35
638 94 0 1 0 159 4 34 0 31 4 59 3 188
639 0 8 0 1 46 4 42 0 91 4 70
640 0 -3 0 3 294 4 86 0 103
641 0 -7 0 0 210 5 119 2 300 4 11 2 75
642 82 0 2 1 172
643 98 0 2 0 28 5 42 2 76
644 0 5 0 0 15 5 31 1 13 5 25
645 0 0 0 1 300 4 82 2 210
646 0 -12 0 2 300 5 17 2 30
647 93 0 1 2 135 5 45 2 72
648 0 -9 0 3 236 4 112 1 294
649 82 0 2 3 63 4 35 1 137 5 36 0 112
650 0 6 0 2 25 4 30 3 48
651 0 -20 0 2 225 5 147 0 227
652 0 9 0 1 29 4 7 3 18
653 87 0 2 1 38
654 0 4 0 2 81 4 22 2 79 5 55 2 46 4 53
655 0 0 0 0 300 4 15 0 47
656 0 5 0 2 90 5 41 0 43 4 33
657 82 0 1 2 169 4 47 2 176
658 0 16 0 1 153
659 0 5 0 0 37 4 44 1 68 5 18 3 64
660 97 0 1 2 165 4 58 3 61 5 57 2 173
661 0 12 0 1 147 5 88 1 137
662 0 -5 0 3 180
663 84 0 2 1 134 5 34 0 186
664 0 5 0 1 24 4 21 2 28 4 35 3 81
665 96 0 2 1 158
666 99 0 1 1 111 5 71 0 89
667 0 10 0 2 85
668 0 4 0 3 39 5 32 1 51
669 0 10 0 3 43 4 73 3 16 5 62 0 68
670 0 -4 0 2 244 4 44 2 300 5 23 2 4 4 22 3 300 5 25 3 35
671 0 3 0 3 44 5 54 3 10 4 40 3 75
672 95 0 2 3 169
673 0 -11 0 0 300 5 23 0 59
674 0 9 0 0 25 4 57 3 13 4 34 1 32
675 0 1 0 3 56 4 59 0 57 4 11 0 10 4 42
676 0 -7 0 0 300 4 24 0 3
677 0 10 0 0 144 5 63 2 95
678 0 3 0 3 94 4 46 1 52 4 45 1 45 4 35
679 0 10 0 0 84 5 75 0 63
680 0 -5 0 2 300 5 11 2 1 5 56 3 263 4 75 1 300 5 16 1 98
681 0 3 0 1 32 5 54 0 41
682 0 -7 0 1 300 5 14 1 33
683 98 0 1 1 147
684 0 19 0 2 170 5 124 1 186
685 0 8 0 1 96 4 26 0 85 5 22 0 84 4 56
686 0 5 0 0 74 5 62 1 88 5 29 0 58
687 0 9 0 3 88 5 48 1 18 5 17
688 0 -18 0 1 103 4 35 1 253 5 61 1 111
689 0 12 0 1 174 5 54 2 111
690 0 2 0 0 93 5 6 3 66 5 12
691 0 10 0 1 67 4 8 2 88
692 0 10 0 2 95 5 70 3 46 4 21
693 91 0 1 3 92
694 0 -14 0 1 300 5 16 1 62
695 0 -11 0 1 242 4 125 1 261 4 32 2 199
696 98 0 2 0 36 5 48 3 133 5 40 2 81
697 0 -9 0 2 215
698 0 -8 0 2 102 5 112 0 211
699 0 -13 0 2 300 4 14 2 35
700 0 -17 0 3 252
701 0 0 0 1 35 5 11 2 88
702 80 0 1 3 197 5 29 3 133
703 0 10 0 0 174 5 94
704 0 13 0 2 146 5 109
705 0 -7 0 2 300 4 21 2 55 5 94 0 300 4 26 0 43 5 31 2 300 5 20 2 95
706 0 -15 0 1 259 4 67 2 300 5 12 2 46
707 0 -5 0 2 298 5 114 3 196
708 94 0 2 2 125 4 40 1 170 5 27 3 177
709 0 -12 0 0 210
710 0 1 0 1 57 5 65 3 98 4 27 3 93
711 0 -19 0 2 157
712 0 12 0 0 102 4 104
713 0 9 0 3 12 4 54 3 78 5 57 1 95 5 23
714 0 5 0 0 74 4 31 3 26 5 56 0 44 4 46
715 0 10 0 0 67 5 8 0 58
716 99 0 1 0 28 5 68 2 59 4 57 2 50
717 0 0 0 3 37 5 32 2 95 4 37 2 87 5 41
718 0 4 0 3 81 5 22 1 46 4 16
719 0 12 0 2 160
720 0 7 0 2 68 4 5 0 42 4 21 0 93 4 73
721 0 10 0 2 77 5 65 3 22 4 20 3 28 5 18
722 0 8 0 3 87 5 9 2 26 5 11 2 29 5 38
723 0 -14 0 2 100 5 49 3 300 5 25 3 27 5 101 1 134
724 0 12 0 1 149 4 86
725 0 13 0 2 161 5 106
726 88 0 1 0 22 5 51 1 176 4 71 1 44
727 0 9 0 0 29 5 52 3 52 5 16
728 0 3 0 2 97 4 30 3 96 5 44 3 61 4 62
729 0 -8 0 3 300 4 29 3 95 4 142 0 229 5 49 3 234
730 98 0 1 2 144 4 20 2 116
731 0 -18 0 2 300 4 23 2 53 5 92 3 300 5 26 3 66
732 0 16 0 0 197 5 171 1 95
733 0 9 0 2 58 4 71 3 33 4 51 1 14 5 22
734 0 8 0 3 17 4 46 1 94 5 15
735 0 5 0 1 89 4 63 1 38 5 11
736 0 2 0 1 26 4 44 3 24 5 60 2 92 5 63
737 91 0 1 1 100 5 18 0 35
738 0 10 0 3 160
739 0 3 0 2 92 4 47 1 76
740 0 8 0 0 53 5 72 3 60
741 89 0 1 0 159 5 70 0 48 5 30 1 29
742 0 18 0 3 149 5 194 3 138
743 91 0 2 3 137
744 0 3 0 3 11 4 75 1 55 4 58 3 81 5 41
745 0 13 0 0 124 4 137
746 85 0 1 1 107 4 69 3 115 5 56 0 176
747 0 9 0 0 70 5 53 0 61 4 29
748 0 10 0 0 88 4 30 2 43 5 8 0 55
749 0 0 0 1 41 5 46 3 52 5 65 2 61
750 88 0 2 1 148 5 51 3 32
751 0 -3 0 3 245
752 0 11 0 2 195 5 73
753 0 6 0 1 25 4 58 2 66 4 8 3 45
754 0 -2 0 1 235 4 37 2 184
755 0 14 0 0 55 4 156 2 59
756 0 -16 0 0 300 4 17 0 84
757 93 0 1 1 57
758 0 -7 0 1 130
759 0 8 0 2 81 5 58 0 44 5 8 0 68 4 30
760 0 -5 0 3 190 4 103 0 300 5 24 0 63
761 0 -11 0 3 300 4 24 3 64 5 122 0 278 5 102 2 173
762 0 6 0 2 98 4 73 1 80 5 57
763 0 -15 0 1 204
764 0 6 0 1 97 4 54 0 98 4 13 2 67 4 26
765 91 0 2 3 141 5 73 1 34 4 12 2 95
766 80 0 2 3 139
767 0 -7 0 0 213 4 68 2 155
768 0 -3 0 2 300 5 17 2 55
769 0 15 0 0 59 5 131 3 95
770 0 -3 0 3 165 5 68 0 210
771 97 0 1 2 79 5 50 3 33 4 15 3 92
772 0 -5 0 1 168
773 0 9 0 3 85 5 46 1 47 5 14 0 21 5 8
774 90 0 2 2 126 4 17 2 82 4 10 2 116
775 0 6 0 0 52 5 75 3 67 5 47
776 0 -9 0 1 180
777 96 0 1 3 54 5 42 0 151 4 22 3 81
778 0 -6 0 2 156
779 82 0 1 1 187 4 48 2 181
780 0 -15 0 2 169 5 67 1 120
781 0 10 0 0 10 4 72 1 40 4 68 3 76
782 0 6 0 2 96 5 74 2 44 5 58
783 0 4 0 0 51 5 21 1 60 5 24
784 0 3 0 2 54 5 59 1 28 5 21 3 46 4 26
785 0 11 0 0 112 4 94 1 105
786 0 -16 0 2 201
787 0 -6 0 2 250 5 54 2 276 5 115 0 158
788 0 0 0 3 56 4 72 1 11
789 0 17 0 2 81 5 70 0 166
790 0 -2 0 0 273 5 66 1 253
791 0 11 0 0 172
792 0 5 0 1 23 5 48 1 74
793 0 -18 0 2 300 5 20 2 21 5 24 3 300 5 22 3 98
794 85 0 2 0 61 5 10 2 190 4 47 1 61
795 0 15 0 0 174 4 150 2 74
796 0 -16 0 2 123 5 141 0 300 5 29 0 95 4 85 3 268
797 0 -12 0 3 300 4 25 3 37 4 127 2 300 5 15 2 94
798 0 -1 0 3 153 5 99 1 276 5 42 3 269
799 87 0 1 0 137
800 91 0 1 1 170
801 99 0 1 0 162
802 0 -9 0 3 289
803 0 -20 0 0 300 4 27 0 2
804 0 -7 0 2 202 5 140 2 258
805 0 12 0 2 191
806 0 12 0 1 158 5 113 1 80
807 0 10 0 1 37 4 11 1 23 5 75 1 96 5 38
808 91 0 2 3 135
809 0 -16 0 0 193 5 107 1 272
810 0 -13 0 3 227 5 102 0 142 4 46 3 171
811 88 0 1 2 162 4 73 0 148 4 32 3 51
812 0 -12 0 3 300 4 13 3 39
813 0 -1 0 2 147 4 28 2 138 4 98 0 300 4 17 0 53
814 90 0 2 0 158 5 68 3 90
815 0 -11 0 3 194 5 40 1 268 4 110 3 300 5 29 3 29
816 0 8 0 0 42 5 36 3 18 4 64 0 93 4 46
817 0 -2 0 1 300 5 14 1 18 5 90 2 181 4 85 1 265
818 0 10 0 0 73 4 21 1 52
819 0 3 0 0 12 5 16 0 62 5 17 0 71
820 0 18 0 2 56 5 112
821 87 0 1 3 20 4 72 1 107 4 28 2 154
822 0 -5 0 0 300 4 16 0 95 4 53 3 207 5 73 2 104
823 0 4 0 2 64 4 12 0 47 4 10 0 63
824 0 -14 0 0 131
825 0 -10 0 1 265 4 78 2 198
826 0 -2 0 2 220
827 0 18 0 3 165 4 127 3 98
828 0 -7 0 2 169 5 56 0 300 4 20 0 53 4 101 3 269
829 86 0 1 3 93 5 60 1 123 4 23 3 107
830 0 -1 0 0 168
831 0 7 0 3 25 4 59 0 26 4 20
832 0 0 0 1 49 5 36 3 28 4 32 2 100 4 64
833 0 5 0 2 74 4 9 3 83 5 70 0 37
834 0 1 0 0 96 4 38 3 35 4 61
835 90 0 2 2 80 4 10 0 20
836 0 -6 0 3 300 4 14 3 67
837 80 0 2 3 71
838 0 -1 0 3 101
839 90 0 1 0 165 4 12 0 97
840 0 -3 0 1 300
841 0 0 0 0 283 4 126 3 157
842 0 -11 0 2 188 4 82 1 300 4 17 1 51
843 0 -20 0 0 222 5 22 3 258
844 0 -12 0 3 300 5 25 3 73
845 0 0 0 3 300 4 16 3 92 4 150 0 300 5 30 0 24
846 94 0 1 1 126
847 0 -18 0 3 132
848 0 -14 0 1 278 4 124 0 300 4 21 0 17 5 58 3 300 5 12 3 100
849 0 11 0 3 126 5 76 2 80
850 0 -14 0 2 280 5 110 3 300 4 27 3 58
851 95 0 2 1 199 5 30 2 199
852 0 2 0 1 92 5 65 2 21 5 40
853 89 0 2 3 102 5 36 2 156
854 84 0 1 2 117 5 20 0 81 5 35 2 22
855 0 -1 0 1 300 5 24 1 91 5 142 1 300 4 16 1 63
856 0 15 0 0 82 5 129 3 98
857 0 -18 0 2 222 4 138 2 252 5 43 0 170
858 0 -13 0 3 300 4 11 3 54 4 141 1 160 5 146 0 108
859 80 0 1 0 56 5 47 2 100
860 0 0 0 1 62 5 26 2 82
861 83 0 2 2 181 5 29 1 145
862 0 14 0 3 157 4 111
863 0 -19 0 2 300 5 15 2 59 5 51 3 141 4 138 2 174
864 94 0 2 2 20
865 0 0 0 1 82 5 70 3 82
866 0 4 0 3 52 4 14 0 26 5 56 0 99
867 98 0 2 3 38 5 46 0 79 4 15 2 117
868 0 10 0 2 24 5 64 3 70 5 32 2 43
869 0 3 0 0 39 4 26 1 51 4 16 2 52
870 88 0 2 0 137 4 36 0 107 4 51 2 172
871 0 6 0 0 54 4 68 1 53 5 35
872 0 13 0 1 127 5 139 2 120
873 0 6 0 0 70 5 70 1 26
874 0 -10 0 3 160
875 0 -4 0 3 135
876 0 -5 0 3 300 4 13 3 21
877 96 0 2 3 193 4 33 1 24 4 23 1 140
878 93 0 2 2 38 5 16 0 99 4 68 3 87
879 0 6 0 3 83 5 69 1 34
880 0 -5 0 0 300 5 20 0 2 5 45 3 246
881 0 7 0 2 100 5 9 3 67 4 45 1 73 4 10
882 97 0 2 2 163 5 41 3 108 5 66 0 136
883 0 -2 0 0 136 5 51 1 190
884 0 -20 0 0 171 5 104 3 300 4 17 3 88
885 0 6 0 2 24 4 53 0 66 5 34
886 0 -10 0 1 300 4 13 1 23 4 150 3 299
887 0 -2 0 2 172 5 48 0 188
888 0 9 0 2 20 4 14 2 58 5 28 0 81
889 94 0 2 2 138 5 55 2 102
890 0 -6 0 3 300 4 15 3 33 4 61 1 269 4 79 2 300 4 21 2 97
891 0 1 0 3 18 4 46 2 15 4 16 3 97 5 14
892 0 -19 0 2 242 5 78 2 300 5 27 2 59
893 0 -1 0 3 300 5 20 3 36 4 114 3 300 5 13 3 92
894 91 0 2 3 119
895 0 -16 0 1 300 5 30 1 55
896 96 0 1 2 113 4 74 0 87
897 0 -7 0 3 169
898 97 0 2 3 21 5 58 1 102 4 56 2 54
899 0 -1 0 3 195
900 0 0 0 0 195
901 0 -5 0 0 258 4 150 1 186
902 0 4 0 0 27 5 27 3 49 4 24
903 0 -17 0 1 300 4 24 1 94 5 131 2 247
904 0 3 0 2 73 5 42 2 93 5 59 3 78 4 48
905 0 7 0 1 45 5 42 1 74
906 0 13 0 2 142 4 176 2 127
907 98 0 2 2 166 5 38 3 200 4 22 2 104
908 0 0 0 2 37 5 11 1 90
909 0 -7 0 2 300 4 15 2 80 4 85 2 207
910 0 -15 0 1 300 4 29 1 16
911 0 -4 0 1 164 5 95 1 115
912 0 -3 0 1 142 5 138 2 271 4 104 3 219
913 91 0 2 3 26 5 51 2 174 4 70 1 175
914 0 0 0 0 300 5 22 0 97 5 36 0 179
915 0 -8 0 2 126 4 34 1 248 5 66 3 300 4 10 3 61
916 0 10 0 3 178 4 171 0 172
917 0 -10 0 2 104
918 0 5 0 3 60 4 74 2 88
919 0 9 0 0 94 5 16 2 35 5 54 0 74
920 0 -11 0 0 152
921 0 1 0 0 50 5 73 1 79 4 35 1 17 5 70
922 0 -6 0 2 300 4 24 2 73 5 141 2 245
923 0 2 0 1 89 4 24 1 23 4 52
924 0 1 0 0 14 5 55 3 86 5 68 3 11 4 58
925 85 0 1 1 58 4 49 1 192 4 23 1 200
926 0 -4 0 3 300 5 10 3 38 4 65 0 165
927 0 6 0 2 92 5 27 0 87 4 54
928 0 18 0 0 140
929 0 5 0 0 42 4 16 1 65 5 40 3 58 4 62
930 0 1 0 2 95 4 54 1 69 4 58 3 44
931 0 3 0 3 49 4 7 3 11
932 0 10 0 3 63 5 65 3 35 5 59 3 37
933 0 7 0 1 11 4 21 2 16 4 23
934 0 -5 0 2 273 4 98 1 232 5 89 2 300 4 20 2 87
935 95 0 1 0 152 4 51 0 143
936 0 1 0 1 27 5 30 3 50 5 29 0 43
937 0 0 0 0 26 5 11 1 84 4 67 0 86 5 31
938 0 -10 0 3 300 5 12 3 39 4 148 2 146 5 106 1 300 5 24 1 18
939 0 10 0 0 43 5 42 2 46 4 56
940 0 -18 0 1 300 5 16 1 66
941 0 -4 0 2 136 5 48 2 300 5 15 2 7
942 0 3 0 0 84 5 17 2 52 5 59
943 0 14 0 0 155
944 0 -5 0 3 287 4 130 0 103 5 79 3 254
945 0 8 0 2 22 4 51 0 78 5 21 3 10 5 53
946 0 10 0 1 57 4 59 3 91 4 63 2 95
947 91 0 2 1 102 4 23 2 195
948 98 0 1 2 190 5 65 2 103
949 0 1 0 2 99 5 61 0 65 5 49
950 0 -12 0 2 249
951 0 8 0 2 94 5 27 3 50 5 17
952 0 -13 0 3 280 4 44 1 188 5 54 2 300 4 21 2 40
953 0 -5 0 1 170 5 125 3 220
954 86 0 2 2 62 4 27 3 32
955 0 -19 0 3 300 5 27 3 38
956 0 8 0 1 36 4 62 1 86 4 67 2 18
957 0 -6 0 3 300 5 18 3 53 4 53 2 248
958 99 0 1 2 128 5 20 3 61 5 54 2 98
959 0 -12 0 0 143 4 128 0 134 5 125 3 300 5 20 3 59
960 0 -17 0 3 160
961 80 0 2 3 167 4 22 3 124 4 12 1 143
962 0 7 0 2 50 4 13 0 19 5 75
963 0 1 0 2 60 5 18 2 97 5 44
964 0 8 0 2 54 4 27 1 95 4 57 2 60
965 0 5 0 0 73 5 13 3 39 4 18 1 18 4 26
966 0 -14 0 1 249 4 34 2 300 5 25 2 57 5 69 1 300 4 16 1 66
967 0 -19 0 3 300 4 26 3 71
968 0 -19 0 1 300 5 29 1 17
969 0 -7 0 2 300 5 16 2 98
970 0 -7 0 3 187 5 90 0 300 5 16 0 8
971 0 5 0 3 56 4 18 3 45 4 18 1 71
972 0 -1 0 3 300 5 13 3 49 4 55 1 151 5 62 3 218
973 0 16 0 2 53 5 148 1 50
974 0 -3 0 1 300 5 23 1 53 4 88 1 129
975 0 19 0 3 59 5 137 2 118
976 85 0 1 3 33 5 74 0 61
977 0 10 0 3 70 5 120
978 0 0 0 3 300 4 23 3 27 5 109 2 300 4 30 2 73
979 0 12 0 0 138
980 98 0 1 3 64 5 46 1 25 4 65 0 150
981 80 0 2 0 132
982 0 7 0 3 82 5 25 2 71 5 47
983 0 3 0 1 18 5 74 1 85 4 68
984 0 0 0 1 53 4 44 2 90 5 75 3 33 5 33
985 0 -6 0 2 195
986 96 0 1 0 80 5 68 1 88 5 71 0 102
987 0 13 0 2 101
988 0 1 0 2 95 4 49 2 26 5 43 0 14 5 56
989 0 7 0 3 73 4 55 2 100 4 48 2 55 4 37
990 0 -13 0 1 300 5 22 1 33 5 127 3 211
991 0 14 0 1 109 5 72 1 134
992 0 -10 0 2 263 5 143 2 300 5 15 2 38 4 89 2 299
993 0 14 0 3 106 4 82
994 0 8 0 0 76 4 41 1 93 4 47
995 0 -11 0 2 223 5 89 0 214
996 99 0 2 3 48 4 67 3 140
997 0 -10 0 3 300 4 12 3 69 5 45 2 110 4 106 1 176
998 0 -18 0 3 202 5 78 1 132 5 70 2 252
999 0 -3 0 0 285 4 88 0 101
1000 0 4 0 3 76 4 75 3 79 5 59 2 88 5 31
1001 95 0 2 1 83 5 69 0 128
1002 0 10 0 1 91 4 37 0 16 5 40 2 49
1003 88 0 1 3 160
1004 0 4 0 1 59 5 72 1 52 4 44 3 48 4 67
1005 0 -3 0 2 197 5 140 3 180 5 139 1 161
1006 0 5 0 1 11 4 29 0 47 4 30 2 85 5 52
1007 0 0 0 2 265 5 86 0 153
1008 84 0 2 0 58 5 38 2 114
1009 0 -10 0 1 300 4 21 1 77 4 87 1 119
1010 0 16 0 0 168
1011 81 0 2 0 120
1012 0 -11 0 1 264
1013 0 7 0 2 79 5 67 1 11 4 9 3 55 4 37
1014 0 0 0 3 46 4 27 1 45 4 52
1015 0 16 0 1 177 4 148 1 81
1016 0 -9 0 0 300 4 14 0 39 5 131 1 190 4 76 3 138
1017 0 16 0 3 58 5 180 3 179
1018 80 0 2 1 66
1019 0 -15 0 0 300 5 29 0 75 4 44 0 267 5 141 3 300 4 19 3 64
1020 0 -4 0 0 227 5 40 3 266
1021 0 -1 0 0 182 4 52 2 203 5 95 1 260
1022 0 -15 0 0 103 4 56 3 134 5 30 1 218
1023 0 -20 0 0 249 4 128 3 184